5.007730280 4785.0
5.033990845 4642.0
5.060251411 4625.0
5.086511976 4502.0
5.112772541 4530.0
5.139033107 4388.0
5.165293672 4378.0
5.191554237 4404.0
5.217814803 4319.0
5.244075368 4338.0
5.270335934 4190.0
5.296596499 4296.0
5.322857064 4246.0
5.349117630 4124.0
5.375378195 4018.0
5.401638760 3966.0
5.427899326 4139.0
5.454159891 4043.0
5.480420456 4032.0
5.506681022 3986.0
5.532941587 3807.0
5.559202152 3871.0
5.585462718 3933.0
5.611723283 3785.0
5.637983849 3723.0
5.664244414 3764.0
5.690504979 3566.0
5.716765545 3707.0
5.743026110 3653.0
5.769286675 3727.0
5.795547241 3640.0
5.821807806 3606.0
5.848068371 3617.0
5.874328937 3502.0
5.900589502 3404.0
5.926850067 3448.0
5.953110633 3381.0
5.979371198 3369.0
6.005631763 3424.0
6.031892329 3464.0
6.058152894 3343.0
6.084413460 3396.0
6.110674025 3305.0
6.136934590 3256.0
6.163195156 3194.0
6.189455721 3226.0
6.215716286 3256.0
6.241976852 3262.0
6.268237417 3233.0
6.294497982 3224.0
6.320758548 3224.0
6.347019113 3141.0
6.373279678 3162.0
6.399540244 3152.0
6.425800809 3080.0
6.452061375 3055.0
6.478321940 3130.0
6.504582505 3126.0
6.530843071 3011.0
6.557103636 2969.0
6.583364201 3088.0
6.609624767 3043.0
6.635885332 2960.0
6.662145897 2974.0
6.688406463 2823.0
6.714667028 3004.0
6.740927593 2865.0
6.767188159 2927.0
6.793448724 2912.0
6.819709289 2896.0
6.845969855 2796.0
6.872230420 2803.0
6.898490986 2758.0
6.924751551 2876.0
6.951012116 2870.0
6.977272682 2778.0
7.003533247 2831.0
7.029793812 2812.0
7.056054378 2685.0
7.082314943 2738.0
7.108575508 2673.0
7.134836074 2760.0
7.161096639 2682.0
7.187357204 2674.0
7.213617770 2777.0
7.239878335 2752.0
7.266138900 2661.0
7.292399466 2654.0
7.318660031 2606.0
7.344920597 2660.0
7.371181162 2563.0
7.397441727 2683.0
7.423702293 2620.0
7.449962858 2541.0
7.476223423 2578.0
7.502483989 2539.0
7.528744554 2632.0
7.555005119 2570.0
7.581265685 2542.0
7.607526250 2479.0
7.633786815 2525.0
7.660047381 2505.0
7.686307946 2546.0
7.712568512 2519.0
7.738829077 2457.0
7.765089642 2427.0
7.791350208 2416.0
7.817610773 2399.0
7.843871338 2527.0
7.870131904 2415.0
7.896392469 2380.0
7.922653034 2384.0
7.948913600 2369.0
7.975174165 2414.0
8.001434730 2358.0
8.027695296 2363.0
8.053955861 2371.0
8.080216426 2361.0
8.106476992 2351.0
8.132737557 2326.0
8.158998123 2336.0
8.185258688 2412.0
8.211519253 2308.0
8.237779819 2399.0
8.264040384 2210.0
8.290300949 2302.0
8.316561515 2351.0
8.342822080 2250.0
8.369082645 2114.0
8.395343211 2246.0
8.421603776 2213.0
8.447864341 2315.0
8.474124907 2301.0
8.500385472 2297.0
8.526646038 2225.0
8.552906603 2239.0
8.579167168 2244.0
8.605427734 2229.0
8.631688299 2156.0
8.657948864 2171.0
8.684209430 2204.0
8.710469995 2212.0
8.736730560 2143.0
8.762991126 2262.0
8.789251691 2193.0
8.815512256 2124.0
8.841772822 2087.0
8.868033387 2196.0
8.894293952 2147.0
8.920554518 2148.0
8.946815083 2207.0
8.973075649 2095.0
8.999336214 2124.0
9.025596779 2134.0
9.051857345 2036.0
9.078117910 2045.0
9.104378475 2126.0
9.130639041 2087.0
9.156899606 2098.0
9.183160171 2119.0
9.209420737 2047.0
9.235681302 2056.0
9.261941867 2144.0
9.288202433 2098.0
9.314462998 1966.0
9.340723564 2021.0
9.366984129 2014.0
9.393244694 2011.0
9.419505260 2006.0
9.445765825 2035.0
9.472026390 2034.0
9.498286956 2045.0
9.524547521 2015.0
9.550808086 1958.0
9.577068652 1930.0
9.603329217 1994.0
9.629589782 2004.0
9.655850348 1999.0
9.682110913 2002.0
9.708371478 1935.0
9.734632044 1980.0
9.760892609 1966.0
9.787153175 1901.0
9.813413740 1970.0
9.839674305 1921.0
9.865934871 1943.0
9.892195436 1918.0
9.918456001 1919.0
9.944716567 1936.0
9.970977132 1885.0
9.997237697 2019.0
10.023498263 1878.0
10.049758828 2001.0
10.076019393 1906.0
10.102279959 1855.0
10.128540524 1853.0
10.154801090 1940.0
10.181061655 1883.0
10.207322220 1884.0
10.233582786 1906.0
10.259843351 1833.0
10.286103916 1769.0
10.312364482 1839.0
10.338625047 1858.0
10.364885612 1863.0
10.391146178 1984.0
10.417406743 1787.0
10.443667308 1848.0
10.469927874 1791.0
10.496188439 1771.0
10.522449004 1808.0
10.548709570 1849.0
10.574970135 1792.0
10.601230701 1857.0
10.627491266 1854.0
10.653751831 1743.0
10.680012397 1799.0
10.706272962 1812.0
10.732533527 1756.0
10.758794093 1733.0
10.785054658 1733.0
10.811315223 1713.0
10.837575789 1775.0
10.863836354 1754.0
10.890096919 1736.0
10.916357485 1806.0
10.942618050 1745.0
10.968878616 1737.0
10.995139181 1827.0
11.021399746 1745.0
11.047660312 1726.0
11.073920877 1733.0
11.100181442 1706.0
11.126442008 1697.0
11.152702573 1737.0
11.178963138 1727.0
11.205223704 1694.0
11.231484269 1737.0
11.257744834 1731.0
11.284005400 1760.0
11.310265965 1647.0
11.336526530 1705.0
11.362787096 1728.0
11.389047661 1728.0
11.415308227 1709.0
11.441568792 1729.0
11.467829357 1695.0
11.494089923 1680.0
11.520350488 1746.0
11.546611053 1629.0
11.572871619 1612.0
11.599132184 1627.0
11.625392749 1678.0
11.651653315 1725.0
11.677913880 1717.0
11.704174445 1655.0
11.730435011 1591.0
11.756695576 1636.0
11.782956141 1647.0
11.809216707 1612.0
11.835477272 1602.0
11.861737838 1601.0
11.887998403 1615.0
11.914258968 1628.0
11.940519534 1634.0
11.966780099 1663.0
11.993040664 1681.0
12.019301230 1545.0
12.045561795 1595.0
12.071822360 1611.0
12.098082926 1557.0
12.124343491 1648.0
12.150604056 1637.0
12.176864622 1574.0
12.203125187 1602.0
12.229385753 1507.0
12.255646318 1614.0
12.281906883 1540.0
12.308167449 1591.0
12.334428014 1632.0
12.360688579 1620.0
12.386949145 1499.0
12.413209710 1586.0
12.439470275 1564.0
12.465730841 1583.0
12.491991406 1540.0
12.518251971 1565.0
12.544512537 1586.0
12.570773102 1559.0
12.597033667 1565.0
12.623294233 1512.0
12.649554798 1582.0
12.675815364 1517.0
12.702075929 1550.0
12.728336494 1536.0
12.754597060 1502.0
12.780857625 1505.0
12.807118190 1552.0
12.833378756 1547.0
12.859639321 1512.0
12.885899886 1493.0
12.912160452 1548.0
12.938421017 1497.0
12.964681582 1496.0
12.990942148 1460.0
13.017202713 1429.0
13.043463279 1484.0
13.069723844 1453.0
13.095984409 1502.0
13.122244975 1456.0
13.148505540 1472.0
13.174766105 1511.0
13.201026671 1449.0
13.227287236 1425.0
13.253547801 1438.0
13.279808367 1407.0
13.306068932 1446.0
13.332329497 1394.0
13.358590063 1370.0
13.384850628 1417.0
13.411111193 1449.0
13.437371759 1437.0
13.463632324 1412.0
13.489892890 1458.0
13.516153455 1419.0
13.542414020 1439.0
13.568674586 1358.0
13.594935151 1358.0
13.621195716 1316.0
13.647456282 1341.0
13.673716847 1348.0
13.699977412 1322.0
13.726237978 1334.0
13.752498543 1384.0
13.778759108 1429.0
13.805019674 1441.0
13.831280239 1410.0
13.857540805 1418.0
13.883801370 1332.0
13.910061935 1436.0
13.936322501 1426.0
13.962583066 1397.0
13.988843631 1365.0
14.015104197 1348.0
14.041364762 1310.0
14.067625327 1330.0
14.093885893 1253.0
14.120146458 1373.0
14.146407023 1358.0
14.172667589 1390.0
14.198928154 1331.0
14.225188719 1289.0
14.251449285 1312.0
14.277709850 1288.0
14.303970416 1348.0
14.330230981 1308.0
14.356491546 1281.0
14.382752112 1333.0
14.409012677 1265.0
14.435273242 1276.0
14.461533808 1232.0
14.487794373 1289.0
14.514054938 1336.0
14.540315504 1314.0
14.566576069 1295.0
14.592836634 1332.0
14.619097200 1286.0
14.645357765 1281.0
14.671618331 1274.0
14.697878896 1289.0
14.724139461 1275.0
14.750400027 1259.0
14.776660592 1235.0
14.802921157 1243.0
14.829181723 1296.0
14.855442288 1276.0
14.881702853 1266.0
14.907963419 1302.0
14.934223984 1242.0
14.960484549 1279.0
14.986745115 1177.0
15.013005680 1333.0
15.039266245 1244.0
15.065526811 1159.0
15.091787376 1292.0
15.118047942 1269.0
15.144308507 1243.0
15.170569072 1241.0
15.196829638 1243.0
15.223090203 1283.0
15.249350768 1275.0
15.275611334 1274.0
15.301871899 1235.0
15.328132464 1260.0
15.354393030 1242.0
15.380653595 1174.0
15.406914160 1248.0
15.433174726 1209.0
15.459435291 1201.0
15.485695857 1197.0
15.511956422 1232.0
15.538216987 1186.0
15.564477553 1203.0
15.590738118 1225.0
15.616998683 1255.0
15.643259249 1201.0
15.669519814 1174.0
15.695780379 1146.0
15.722040945 1244.0
15.748301510 1233.0
15.774562075 1133.0
15.800822641 1229.0
15.827083206 1100.0
15.853343771 1170.0
15.879604337 1099.0
15.905864902 1160.0
15.932125468 1195.0
15.958386033 1153.0
15.984646598 1184.0
16.010907164 1129.0
16.037167729 1148.0
16.063428294 1214.0
16.089688860 1137.0
16.115949425 1127.0
16.142209990 1082.0
16.168470556 1169.0
16.194731121 1088.0
16.220991686 1172.0
16.247252252 1140.0
16.273512817 1130.0
16.299773382 1191.0
16.326033948 1169.0
16.352294513 1085.0
16.378555079 1127.0
16.404815644 1091.0
16.431076209 1130.0
16.457336775 1077.0
16.483597340 1149.0
16.509857905 1121.0
16.536118471 1112.0
16.562379036 1120.0
16.588639601 1112.0
16.614900167 1115.0
16.641160732 1099.0
16.667421297 1098.0
16.693681863 1090.0
16.719942428 1078.0
16.746202994 1118.0
16.772463559 1100.0
16.798724124 1161.0
16.824984690 1072.0
16.851245255 1077.0
16.877505820 1113.0
16.903766386 1100.0
16.930026951 1093.0
16.956287516 1080.0
16.982548082 1055.0
17.008808647 1065.0
17.035069212 1053.0
17.061329778 1095.0
17.087590343 1112.0
17.113850908 1075.0
17.140111474 1051.0
17.166372039 1026.0
17.192632605 1119.0
17.218893170 1014.0
17.245153735 1075.0
17.271414301 1027.0
17.297674866 1072.0
17.323935431 1023.0
17.350195997 1066.0
17.376456562 1072.0
17.402717127 1067.0
17.428977693 1013.0
17.455238258 1063.0
17.481498823 1050.0
17.507759389 1015.0
17.534019954 1019.0
17.560280520 1060.0
17.586541085 1012.0
17.612801650 1084.0
17.639062216 1022.0
17.665322781 1092.0
17.691583346 1062.0
17.717843912 1095.0
17.744104477 1052.0
17.770365042 1078.0
17.796625608 1027.0
17.822886173 1029.0
17.849146738 1050.0
17.875407304 1014.0
17.901667869 982.0
17.927928434 1037.0
17.954189000 1008.0
17.980449565 1043.0
18.006710131 1069.0
18.032970696 1005.0
18.059231261 989.0
18.085491827 1057.0
18.111752392 1029.0
18.138012957 1022.0
18.164273523 956.0
18.190534088 1003.0
18.216794653 1020.0
18.243055219 1016.0
18.269315784 1067.0
18.295576349 1015.0
18.321836915 1011.0
18.348097480 932.0
18.374358046 1073.0
18.400618611 1028.0
18.426879176 1055.0
18.453139742 1021.0
18.479400307 1045.0
18.505660872 1032.0
18.531921438 937.0
18.558182003 1063.0
18.584442568 957.0
18.610703134 980.0
18.636963699 985.0
18.663224264 950.0
18.689484830 936.0
18.715745395 1013.0
18.742005960 959.0
18.768266526 1013.0
18.794527091 963.0
18.820787657 1041.0
18.847048222 987.0
18.873308787 978.0
18.899569353 983.0
18.925829918 992.0
18.952090483 1045.0
18.978351049 950.0
19.004611614 964.0
19.030872179 998.0
19.057132745 901.0
19.083393310 996.0
19.109653875 917.0
19.135914441 1003.0
19.162175006 952.0
19.188435572 978.0
19.214696137 942.0
19.240956702 904.0
19.267217268 950.0
19.293477833 884.0
19.319738398 962.0
19.345998964 933.0
19.372259529 933.0
19.398520094 932.0
19.424780660 921.0
19.451041225 906.0
19.477301790 932.0
19.503562356 975.0
19.529822921 895.0
19.556083486 972.0
19.582344052 906.0
19.608604617 968.0
19.634865183 990.0
19.661125748 998.0
19.687386313 984.0
19.713646879 1011.0
19.739907444 923.0
19.766168009 972.0
19.792428575 990.0
19.818689140 947.0
19.844949705 965.0
19.871210271 988.0
19.897470836 935.0
19.923731401 942.0
19.949991967 921.0
19.976252532 931.0
20.002513098 915.0
20.028773663 988.0
20.055034228 961.0
20.081294794 946.0
20.107555359 938.0
20.133815924 892.0
20.160076490 923.0
20.186337055 939.0
20.212597620 920.0
20.238858186 932.0
20.265118751 926.0
20.291379316 947.0
20.317639882 949.0
20.343900447 883.0
20.370161012 926.0
20.396421578 921.0
20.422682143 922.0
20.448942709 890.0
20.475203274 933.0
20.501463839 940.0
20.527724405 897.0
20.553984970 879.0
20.580245535 919.0
20.606506101 928.0
20.632766666 879.0
20.659027231 976.0
20.685287797 888.0
20.711548362 894.0
20.737808927 862.0
20.764069493 908.0
20.790330058 938.0
20.816590623 899.0
20.842851189 908.0
20.869111754 960.0
20.895372320 964.0
20.921632885 899.0
20.947893450 915.0
20.974154016 941.0
21.000414581 933.0
21.026675146 931.0
21.052935712 894.0
21.079196277 921.0
21.105456842 896.0
21.131717408 930.0
21.157977973 909.0
21.184238538 883.0
21.210499104 913.0
21.236759669 895.0
21.263020235 937.0
21.289280800 940.0
21.315541365 915.0
21.341801931 930.0
21.368062496 891.0
21.394323061 871.0
21.420583627 884.0
21.446844192 905.0
21.473104757 898.0
21.499365323 863.0
21.525625888 882.0
21.551886453 878.0
21.578147019 924.0
21.604407584 921.0
21.630668149 865.0
21.656928715 845.0
21.683189280 881.0
21.709449846 904.0
21.735710411 826.0
21.761970976 844.0
21.788231542 918.0
21.814492107 862.0
21.840752672 905.0
21.867013238 897.0
21.893273803 918.0
21.919534368 893.0
21.945794934 851.0
21.972055499 888.0
21.998316064 920.0
22.024576630 895.0
22.050837195 956.0
22.077097761 911.0
22.103358326 867.0
22.129618891 940.0
22.155879457 860.0
22.182140022 889.0
22.208400587 881.0
22.234661153 845.0
22.260921718 894.0
22.287182283 876.0
22.313442849 852.0
22.339703414 837.0
22.365963979 874.0
22.392224545 848.0
22.418485110 908.0
22.444745675 919.0
22.471006241 868.0
22.497266806 878.0
22.523527372 887.0
22.549787937 888.0
22.576048502 873.0
22.602309068 874.0
22.628569633 895.0
22.654830198 901.0
22.681090764 889.0
22.707351329 818.0
22.733611894 888.0
22.759872460 894.0
22.786133025 879.0
22.812393590 829.0
22.838654156 909.0
22.864914721 870.0
22.891175287 806.0
22.917435852 928.0
22.943696417 898.0
22.969956983 858.0
22.996217548 896.0
23.022478113 902.0
23.048738679 825.0
23.074999244 817.0
23.101259809 842.0
23.127520375 821.0
23.153780940 864.0
23.180041505 839.0
23.206302071 850.0
23.232562636 908.0
23.258823201 881.0
23.285083767 843.0
23.311344332 837.0
23.337604898 920.0
23.363865463 862.0
23.390126028 855.0
23.416386594 886.0
23.442647159 825.0
23.468907724 868.0
23.495168290 897.0
23.521428855 852.0
23.547689420 836.0
23.573949986 888.0
23.600210551 849.0
23.626471116 862.0
23.652731682 901.0
23.678992247 932.0
23.705252813 869.0
23.731513378 857.0
23.757773943 906.0
23.784034509 883.0
23.810295074 913.0
23.836555639 850.0
23.862816205 846.0
23.889076770 845.0
23.915337335 926.0
23.941597901 849.0
23.967858466 789.0
23.994119031 860.0
24.020379597 879.0
24.046640162 918.0
24.072900727 842.0
24.099161293 802.0
24.125421858 826.0
24.151682424 888.0
24.177942989 822.0
24.204203554 826.0
24.230464120 819.0
24.256724685 826.0
24.282985250 840.0
24.309245816 858.0
24.335506381 852.0
24.361766946 855.0
24.388027512 807.0
24.414288077 844.0
24.440548642 845.0
24.466809208 839.0
24.493069773 875.0
24.519330338 873.0
24.545590904 846.0
24.571851469 860.0
24.598112035 817.0
24.624372600 874.0
24.650633165 882.0
24.676893731 872.0
24.703154296 856.0
24.729414861 946.0
24.755675427 826.0
24.781935992 874.0
24.808196557 845.0
24.834457123 867.0
24.860717688 853.0
24.886978253 877.0
24.913238819 864.0
24.939499384 813.0
24.965759950 836.0
24.992020515 879.0
25.018281080 905.0
25.044541646 863.0
25.070802211 820.0
25.097062776 824.0
25.123323342 799.0
25.149583907 857.0
25.175844472 866.0
25.202105038 903.0
25.228365603 829.0
25.254626168 888.0
25.280886734 879.0
25.307147299 930.0
25.333407864 891.0
25.359668430 829.0
25.385928995 824.0
25.412189561 819.0
25.438450126 886.0
25.464710691 897.0
25.490971257 856.0
25.517231822 866.0
25.543492387 801.0
25.569752953 870.0
25.596013518 840.0
25.622274083 886.0
25.648534649 892.0
25.674795214 834.0
25.701055779 874.0
25.727316345 855.0
25.753576910 836.0
25.779837476 913.0
25.806098041 829.0
25.832358606 865.0
25.858619172 859.0
25.884879737 842.0
25.911140302 871.0
25.937400868 869.0
25.963661433 835.0
25.989921998 895.0
26.016182564 872.0
26.042443129 877.0
26.068703694 863.0
26.094964260 836.0
26.121224825 868.0
26.147485390 847.0
26.173745956 869.0
26.200006521 890.0
26.226267087 878.0
26.252527652 856.0
26.278788217 842.0
26.305048783 897.0
26.331309348 874.0
26.357569913 920.0
26.383830479 851.0
26.410091044 806.0
26.436351609 848.0
26.462612175 909.0
26.488872740 930.0
26.515133305 897.0
26.541393871 902.0
26.567654436 887.0
26.593915002 903.0
26.620175567 931.0
26.646436132 1007.0
26.672696698 1010.0
26.698957263 964.0
26.725217828 985.0
26.751478394 937.0
26.777738959 904.0
26.803999524 921.0
26.830260090 877.0
26.856520655 872.0
26.882781220 834.0
26.909041786 832.0
26.935302351 868.0
26.961562916 871.0
26.987823482 894.0
27.014084047 863.0
27.040344613 850.0
27.066605178 906.0
27.092865743 911.0
27.119126309 847.0
27.145386874 841.0
27.171647439 885.0
27.197908005 873.0
27.224168570 843.0
27.250429135 867.0
27.276689701 897.0
27.302950266 853.0
27.329210831 845.0
27.355471397 868.0
27.381731962 914.0
27.407992528 904.0
27.434253093 893.0
27.460513658 896.0
27.486774224 862.0
27.513034789 861.0
27.539295354 871.0
27.565555920 890.0
27.591816485 884.0
27.618077050 908.0
27.644337616 865.0
27.670598181 864.0
27.696858746 909.0
27.723119312 895.0
27.749379877 909.0
27.775640442 844.0
27.801901008 841.0
27.828161573 887.0
27.854422139 915.0
27.880682704 867.0
27.906943269 930.0
27.933203835 923.0
27.959464400 883.0
27.985724965 915.0
28.011985531 868.0
28.038246096 868.0
28.064506661 944.0
28.090767227 912.0
28.117027792 890.0
28.143288357 847.0
28.169548923 917.0
28.195809488 869.0
28.222070054 908.0
28.248330619 904.0
28.274591184 890.0
28.300851750 841.0
28.327112315 900.0
28.353372880 916.0
28.379633446 915.0
28.405894011 856.0
28.432154576 867.0
28.458415142 836.0
28.484675707 870.0
28.510936272 848.0
28.537196838 898.0
28.563457403 901.0
28.589717968 890.0
28.615978534 935.0
28.642239099 919.0
28.668499665 867.0
28.694760230 876.0
28.721020795 852.0
28.747281361 861.0
28.773541926 912.0
28.799802491 886.0
28.826063057 843.0
28.852323622 921.0
28.878584187 878.0
28.904844753 891.0
28.931105318 942.0
28.957365883 904.0
28.983626449 922.0
29.009887014 906.0
29.036147579 873.0
29.062408145 964.0
29.088668710 924.0
29.114929276 918.0
29.141189841 913.0
29.167450406 878.0
29.193710972 876.0
29.219971537 926.0
29.246232102 915.0
29.272492668 927.0
29.298753233 922.0
29.325013798 941.0
29.351274364 925.0
29.377534929 942.0
29.403795494 982.0
29.430056060 937.0
29.456316625 880.0
29.482577191 929.0
29.508837756 895.0
29.535098321 931.0
29.561358887 900.0
29.587619452 938.0
29.613880017 965.0
29.640140583 958.0
29.666401148 905.0
29.692661713 849.0
29.718922279 939.0
29.745182844 899.0
29.771443409 907.0
29.797703975 942.0
29.823964540 879.0
29.850225105 990.0
29.876485671 951.0
29.902746236 940.0
29.929006802 970.0
29.955267367 912.0
29.981527932 944.0
30.007788498 930.0
30.034049063 915.0
30.060309628 898.0
30.086570194 964.0
30.112830759 865.0
30.139091324 970.0
30.165351890 936.0
30.191612455 967.0
30.217873020 888.0
30.244133586 926.0
30.270394151 926.0
30.296654717 922.0
30.322915282 947.0
30.349175847 953.0
30.375436413 927.0
30.401696978 923.0
30.427957543 945.0
30.454218109 892.0
30.480478674 980.0
30.506739239 937.0
30.532999805 920.0
30.559260370 904.0
30.585520935 922.0
30.611781501 915.0
30.638042066 923.0
30.664302631 998.0
30.690563197 920.0
30.716823762 959.0
30.743084328 945.0
30.769344893 933.0
30.795605458 920.0
30.821866024 903.0
30.848126589 954.0
30.874387154 944.0
30.900647720 926.0
30.926908285 906.0
30.953168850 1011.0
30.979429416 964.0
31.005689981 936.0
31.031950546 944.0
31.058211112 954.0
31.084471677 960.0
31.110732243 898.0
31.136992808 969.0
31.163253373 979.0
31.189513939 937.0
31.215774504 941.0
31.242035069 953.0
31.268295635 997.0
31.294556200 926.0
31.320816765 992.0
31.347077331 986.0
31.373337896 899.0
31.399598461 972.0
31.425859027 937.0
31.452119592 940.0
31.478380157 1001.0
31.504640723 984.0
31.530901288 1005.0
31.557161854 990.0
31.583422419 985.0
31.609682984 978.0
31.635943550 992.0
31.662204115 946.0
31.688464680 979.0
31.714725246 986.0
31.740985811 945.0
31.767246376 1023.0
31.793506942 1004.0
31.819767507 1028.0
31.846028072 1013.0
31.872288638 1063.0
31.898549203 998.0
31.924809769 1019.0
31.951070334 1101.0
31.977330899 1037.0
32.003591465 980.0
32.029852030 1067.0
32.056112595 1027.0
32.082373161 1024.0
32.108633726 1076.0
32.134894291 1093.0
32.161154857 1136.0
32.187415422 1175.0
32.213675987 1166.0
32.239936553 1202.0
32.266197118 1160.0
32.292457683 1177.0
32.318718249 1202.0
32.344978814 1144.0
32.371239380 1147.0
32.397499945 1081.0
32.423760510 1088.0
32.450021076 1024.0
32.476281641 1061.0
32.502542206 989.0
32.528802772 1068.0
32.555063337 1086.0
32.581323902 1113.0
32.607584468 1085.0
32.633845033 1035.0
32.660105598 1031.0
32.686366164 1061.0
32.712626729 1066.0
32.738887295 1081.0
32.765147860 1053.0
32.791408425 1099.0
32.817668991 1040.0
32.843929556 1095.0
32.870190121 1080.0
32.896450687 1031.0
32.922711252 1047.0
32.948971817 1053.0
32.975232383 1085.0
33.001492948 1054.0
33.027753513 1137.0
33.054014079 1039.0
33.080274644 1108.0
33.106535209 1096.0
33.132795775 1050.0
33.159056340 1150.0
33.185316906 1087.0
33.211577471 1123.0
33.237838036 1161.0
33.264098602 1140.0
33.290359167 1180.0
33.316619732 1185.0
33.342880298 1082.0
33.369140863 1134.0
33.395401428 1098.0
33.421661994 1102.0
33.447922559 1156.0
33.474183124 1126.0
33.500443690 1164.0
33.526704255 1191.0
33.552964820 1088.0
33.579225386 1218.0
33.605485951 1170.0
33.631746517 1224.0
33.658007082 1161.0
33.684267647 1229.0
33.710528213 1150.0
33.736788778 1192.0
33.763049343 1222.0
33.789309909 1259.0
33.815570474 1208.0
33.841831039 1242.0
33.868091605 1171.0
33.894352170 1289.0
33.920612735 1237.0
33.946873301 1241.0
33.973133866 1250.0
33.999394432 1205.0
34.025654997 1254.0
34.051915562 1301.0
34.078176128 1283.0
34.104436693 1301.0
34.130697258 1371.0
34.156957824 1261.0
34.183218389 1292.0
34.209478954 1347.0
34.235739520 1320.0
34.262000085 1341.0
34.288260650 1318.0
34.314521216 1349.0
34.340781781 1342.0
34.367042346 1324.0
34.393302912 1334.0
34.419563477 1345.0
34.445824043 1426.0
34.472084608 1419.0
34.498345173 1438.0
34.524605739 1402.0
34.550866304 1379.0
34.577126869 1386.0
34.603387435 1442.0
34.629648000 1509.0
34.655908565 1395.0
34.682169131 1381.0
34.708429696 1468.0
34.734690261 1408.0
34.760950827 1437.0
34.787211392 1431.0
34.813471958 1418.0
34.839732523 1468.0
34.865993088 1417.0
34.892253654 1456.0
34.918514219 1480.0
34.944774784 1496.0
34.971035350 1555.0
34.997295915 1466.0
35.023556480 1560.0
35.049817046 1415.0
35.076077611 1568.0
35.102338176 1494.0
35.128598742 1481.0
35.154859307 1463.0
35.181119872 1510.0
35.207380438 1538.0
35.233641003 1498.0
35.259901569 1438.0
35.286162134 1564.0
35.312422699 1448.0
35.338683265 1431.0
35.364943830 1469.0
35.391204395 1491.0
35.417464961 1537.0
35.443725526 1498.0
35.469986091 1528.0
35.496246657 1498.0
35.522507222 1534.0
35.548767787 1519.0
35.575028353 1471.0
35.601288918 1503.0
35.627549484 1460.0
35.653810049 1545.0
35.680070614 1520.0
35.706331180 1505.0
35.732591745 1537.0
35.758852310 1430.0
35.785112876 1487.0
35.811373441 1444.0
35.837634006 1423.0
35.863894572 1463.0
35.890155137 1475.0
35.916415702 1435.0
35.942676268 1396.0
35.968936833 1412.0
35.995197398 1433.0
36.021457964 1455.0
36.047718529 1492.0
36.073979095 1421.0
36.100239660 1521.0
36.126500225 1458.0
36.152760791 1392.0
36.179021356 1334.0
36.205281921 1381.0
36.231542487 1381.0
36.257803052 1401.0
36.284063617 1434.0
36.310324183 1413.0
36.336584748 1384.0
36.362845313 1411.0
36.389105879 1442.0
36.415366444 1360.0
36.441627010 1414.0
36.467887575 1379.0
36.494148140 1319.0
36.520408706 1408.0
36.546669271 1343.0
36.572929836 1352.0
36.599190402 1393.0
36.625450967 1356.0
36.651711532 1342.0
36.677972098 1375.0
36.704232663 1353.0
36.730493228 1268.0
36.756753794 1323.0
36.783014359 1362.0
36.809274924 1391.0
36.835535490 1334.0
36.861796055 1354.0
36.888056621 1327.0
36.914317186 1351.0
36.940577751 1374.0
36.966838317 1341.0
36.993098882 1335.0
37.019359447 1322.0
37.045620013 1393.0
37.071880578 1385.0
37.098141143 1342.0
37.124401709 1328.0
37.150662274 1372.0
37.176922839 1405.0
37.203183405 1382.0
37.229443970 1452.0
37.255704535 1392.0
37.281965101 1508.0
37.308225666 1586.0
37.334486232 1640.0
37.360746797 1688.0
37.387007362 1741.0
37.413267928 1726.0
37.439528493 1639.0
37.465789058 1627.0
37.492049624 1535.0
37.518310189 1488.0
37.544570754 1341.0
37.570831320 1353.0
37.597091885 1232.0
37.623352450 1281.0
37.649613016 1228.0
37.675873581 1214.0
37.702134147 1208.0
37.728394712 1197.0
37.754655277 1149.0
37.780915843 1111.0
37.807176408 1055.0
37.833436973 1073.0
37.859697539 1134.0
37.885958104 1104.0
37.912218669 1108.0
37.938479235 1103.0
37.964739800 1070.0
37.991000365 1079.0
38.017260931 1145.0
38.043521496 1070.0
38.069782061 1052.0
38.096042627 1076.0
38.122303192 1017.0
38.148563758 1038.0
38.174824323 1029.0
38.201084888 1071.0
38.227345454 1077.0
38.253606019 1095.0
38.279866584 1066.0
38.306127150 1043.0
38.332387715 991.0
38.358648280 1050.0
38.384908846 1011.0
38.411169411 1018.0
38.437429976 1048.0
38.463690542 1033.0
38.489951107 1029.0
38.516211673 1017.0
38.542472238 966.0
38.568732803 1008.0
38.594993369 990.0
38.621253934 955.0
38.647514499 1024.0
38.673775065 989.0
38.700035630 960.0
38.726296195 1002.0
38.752556761 1024.0
38.778817326 966.0
38.805077891 963.0
38.831338457 1032.0
38.857599022 957.0
38.883859587 984.0
38.910120153 978.0
38.936380718 947.0
38.962641284 967.0
38.988901849 927.0
39.015162414 931.0
39.041422980 962.0
39.067683545 931.0
39.093944110 999.0
39.120204676 962.0
39.146465241 985.0
39.172725806 943.0
39.198986372 910.0
39.225246937 947.0
39.251507502 918.0
39.277768068 936.0
39.304028633 910.0
39.330289199 941.0
39.356549764 925.0
39.382810329 952.0
39.409070895 921.0
39.435331460 972.0
39.461592025 974.0
39.487852591 1006.0
39.514113156 936.0
39.540373721 918.0
39.566634287 955.0
39.592894852 884.0
39.619155417 920.0
39.645415983 925.0
39.671676548 876.0
39.697937113 982.0
39.724197679 998.0
39.750458244 966.0
39.776718810 917.0
39.802979375 964.0
39.829239940 958.0
39.855500506 905.0
39.881761071 949.0
39.908021636 918.0
39.934282202 998.0
39.960542767 988.0
39.986803332 922.0
40.013063898 968.0
40.039324463 935.0
40.065585028 945.0
40.091845594 897.0
40.118106159 899.0
40.144366725 930.0
40.170627290 947.0
40.196887855 891.0
40.223148421 979.0
40.249408986 942.0
40.275669551 971.0
40.301930117 993.0
40.328190682 947.0
40.354451247 990.0
40.380711813 969.0
40.406972378 994.0
40.433232943 944.0
40.459493509 971.0
40.485754074 962.0
40.512014639 963.0
40.538275205 902.0
40.564535770 977.0
40.590796336 1033.0
40.617056901 1023.0
40.643317466 1067.0
40.669578032 1051.0
40.695838597 964.0
40.722099162 1103.0
40.748359728 964.0
40.774620293 1065.0
40.800880858 1062.0
40.827141424 1059.0
40.853401989 1079.0
40.879662554 1125.0
40.905923120 1134.0
40.932183685 1075.0
40.958444251 1096.0
40.984704816 1068.0
41.010965381 1149.0
41.037225947 1178.0
41.063486512 1135.0
41.089747077 1174.0
41.116007643 1209.0
41.142268208 1229.0
41.168528773 1141.0
41.194789339 1265.0
41.221049904 1245.0
41.247310469 1217.0
41.273571035 1289.0
41.299831600 1254.0
41.326092165 1329.0
41.352352731 1244.0
41.378613296 1362.0
41.404873862 1332.0
41.431134427 1440.0
41.457394992 1426.0
41.483655558 1449.0
41.509916123 1465.0
41.536176688 1491.0
41.562437254 1456.0
41.588697819 1494.0
41.614958384 1486.0
41.641218950 1630.0
41.667479515 1570.0
41.693740080 1624.0
41.720000646 1720.0
41.746261211 1689.0
41.772521776 1739.0
41.798782342 1701.0
41.825042907 1830.0
41.851303473 1747.0
41.877564038 1781.0
41.903824603 1920.0
41.930085169 1981.0
41.956345734 1987.0
41.982606299 1976.0
42.008866865 2082.0
42.035127430 2140.0
42.061387995 2227.0
42.087648561 2234.0
42.113909126 2308.0
42.140169691 2340.0
42.166430257 2307.0
42.192690822 2383.0
42.218951388 2557.0
42.245211953 2567.0
42.271472518 2662.0
42.297733084 2561.0
42.323993649 2766.0
42.350254214 2882.0
42.376514780 2919.0
42.402775345 2918.0
42.429035910 3136.0
42.455296476 3196.0
42.481557041 3299.0
42.507817606 3357.0
42.534078172 3495.0
42.560338737 3577.0
42.586599302 3648.0
42.612859868 3678.0
42.639120433 3890.0
42.665380999 3959.0
42.691641564 4005.0
42.717902129 4193.0
42.744162695 4150.0
42.770423260 4454.0
42.796683825 4571.0
42.822944391 4686.0
42.849204956 4845.0
42.875465521 4984.0
42.901726087 5077.0
42.927986652 5169.0
42.954247217 5271.0
42.980507783 5464.0
43.006768348 5554.0
43.033028914 5628.0
43.059289479 5619.0
43.085550044 5836.0
43.111810610 5895.0
43.138071175 5926.0
43.164331740 6095.0
43.190592306 6152.0
43.216852871 6198.0
43.243113436 6232.0
43.269374002 6143.0
43.295634567 6313.0
43.321895132 6649.0
43.348155698 6382.0
43.374416263 6582.0
43.400676828 6400.0
43.426937394 6592.0
43.453197959 6561.0
43.479458525 6451.0
43.505719090 6432.0
43.531979655 6455.0
43.558240221 6435.0
43.584500786 6433.0
43.610761351 6506.0
43.637021917 6291.0
43.663282482 6286.0
43.689543047 6201.0
43.715803613 6163.0
43.742064178 5978.0
43.768324743 5824.0
43.794585309 5767.0
43.820845874 5689.0
43.847106440 5560.0
43.873367005 5328.0
43.899627570 5453.0
43.925888136 5159.0
43.952148701 5071.0
43.978409266 4807.0
44.004669832 4784.0
44.030930397 4624.0
44.057190962 4558.0
44.083451528 4488.0
44.109712093 4229.0
44.135972658 4137.0
44.162233224 3875.0
44.188493789 3957.0
44.214754354 3782.0
44.241014920 3544.0
44.267275485 3589.0
44.293536051 3493.0
44.319796616 3242.0
44.346057181 3271.0
44.372317747 3129.0
44.398578312 3098.0
44.424838877 3045.0
44.451099443 2812.0
44.477360008 2760.0
44.503620573 2638.0
44.529881139 2536.0
44.556141704 2454.0
44.582402269 2322.0
44.608662835 2283.0
44.634923400 2235.0
44.661183966 2337.0
44.687444531 2039.0
44.713705096 2043.0
44.739965662 1973.0
44.766226227 1931.0
44.792486792 1953.0
44.818747358 1834.0
44.845007923 1785.0
44.871268488 1681.0
44.897529054 1650.0
44.923789619 1620.0
44.950050184 1596.0
44.976310750 1546.0
45.002571315 1429.0
45.028831880 1415.0
45.055092446 1450.0
45.081353011 1431.0
45.107613577 1313.0
45.133874142 1381.0
45.160134707 1323.0
45.186395273 1256.0
45.212655838 1294.0
45.238916403 1287.0
45.265176969 1203.0
45.291437534 1204.0
45.317698099 1198.0
45.343958665 1108.0
45.370219230 1124.0
45.396479795 1109.0
45.422740361 1098.0
45.449000926 1036.0
45.475261492 1059.0
45.501522057 975.0
45.527782622 1066.0
45.554043188 1035.0
45.580303753 945.0
45.606564318 926.0
45.632824884 903.0
45.659085449 902.0
45.685346014 965.0
45.711606580 1009.0
45.737867145 925.0
45.764127710 863.0
45.790388276 878.0
45.816648841 819.0
45.842909406 885.0
45.869169972 777.0
45.895430537 826.0
45.921691103 826.0
45.947951668 796.0
45.974212233 772.0
46.000472799 788.0
46.026733364 721.0
46.052993929 766.0
46.079254495 765.0
46.105515060 786.0
46.131775625 727.0
46.158036191 759.0
46.184296756 716.0
46.210557321 705.0
46.236817887 735.0
46.263078452 736.0
46.289339017 705.0
46.315599583 689.0
46.341860148 718.0
46.368120714 748.0
46.394381279 673.0
46.420641844 681.0
46.446902410 646.0
46.473162975 681.0
46.499423540 643.0
46.525684106 667.0
46.551944671 663.0
46.578205236 608.0
46.604465802 686.0
46.630726367 632.0
46.656986932 608.0
46.683247498 607.0
46.709508063 620.0
46.735768629 654.0
46.762029194 598.0
46.788289759 601.0
46.814550325 583.0
46.840810890 608.0
46.867071455 630.0
46.893332021 603.0
46.919592586 569.0
46.945853151 533.0
46.972113717 629.0
46.998374282 567.0
47.024634847 603.0
47.050895413 580.0
47.077155978 596.0
47.103416543 558.0
47.129677109 572.0
47.155937674 585.0
47.182198240 528.0
47.208458805 545.0
47.234719370 556.0
47.260979936 558.0
47.287240501 538.0
47.313501066 522.0
47.339761632 545.0
47.366022197 565.0
47.392282762 557.0
47.418543328 565.0
47.444803893 579.0
47.471064458 524.0
47.497325024 559.0
47.523585589 544.0
47.549846155 570.0
47.576106720 553.0
47.602367285 538.0
47.628627851 500.0
47.654888416 532.0
47.681148981 525.0
47.707409547 530.0
47.733670112 548.0
47.759930677 528.0
47.786191243 490.0
47.812451808 504.0
47.838712373 521.0
47.864972939 516.0
47.891233504 524.0
47.917494069 534.0
47.943754635 545.0
47.970015200 503.0
47.996275766 535.0
48.022536331 572.0
48.048796896 477.0
48.075057462 531.0
48.101318027 586.0
48.127578592 489.0
48.153839158 490.0
48.180099723 518.0
48.206360288 473.0
48.232620854 508.0
48.258881419 459.0
48.285141984 486.0
48.311402550 466.0
48.337663115 467.0
48.363923681 510.0
48.390184246 508.0
48.416444811 492.0
48.442705377 471.0
48.468965942 520.0
48.495226507 467.0
48.521487073 461.0
48.547747638 495.0
48.574008203 526.0
48.600268769 477.0
48.626529334 473.0
48.652789899 430.0
48.679050465 445.0
48.705311030 471.0
48.731571595 536.0
48.757832161 496.0
48.784092726 489.0
48.810353292 455.0
48.836613857 458.0
48.862874422 454.0
48.889134988 469.0
48.915395553 508.0
48.941656118 461.0
48.967916684 457.0
48.994177249 499.0
49.020437814 464.0
49.046698380 439.0
49.072958945 487.0
49.099219510 475.0
49.125480076 473.0
49.151740641 407.0
49.178001207 455.0
49.204261772 478.0
49.230522337 444.0
49.256782903 448.0
49.283043468 440.0
49.309304033 419.0
49.335564599 456.0
49.361825164 464.0
49.388085729 443.0
49.414346295 460.0
49.440606860 435.0
49.466867425 464.0
49.493127991 498.0
49.519388556 435.0
49.545649121 514.0
49.571909687 431.0
49.598170252 478.0
49.624430818 475.0
49.650691383 436.0
49.676951948 397.0
49.703212514 462.0
49.729473079 451.0
49.755733644 451.0
49.781994210 463.0
49.808254775 462.0
49.834515340 430.0
49.860775906 455.0
49.887036471 447.0
49.913297036 434.0
49.939557602 426.0
49.965818167 453.0
49.992078733 419.0
50.018339298 435.0
50.044599863 422.0
50.070860429 442.0
50.097120994 458.0
50.123381559 432.0
50.149642125 474.0
50.175902690 449.0
50.202163255 416.0
50.228423821 432.0
50.254684386 447.0
50.280944951 432.0
50.307205517 414.0
50.333466082 449.0
50.359726647 446.0
50.385987213 439.0
50.412247778 439.0
50.438508344 443.0
50.464768909 468.0
50.491029474 416.0
50.517290040 433.0
50.543550605 451.0
50.569811170 437.0
50.596071736 451.0
50.622332301 445.0
50.648592866 430.0
50.674853432 440.0
50.701113997 417.0
50.727374562 474.0
50.753635128 419.0
50.779895693 432.0
50.806156258 436.0
50.832416824 445.0
50.858677389 406.0
50.884937955 412.0
50.911198520 395.0
50.937459085 455.0
50.963719651 380.0
50.989980216 400.0
51.016240781 401.0
51.042501347 376.0
51.068761912 460.0
51.095022477 443.0
51.121283043 413.0
51.147543608 434.0
51.173804173 410.0
51.200064739 410.0
51.226325304 413.0
51.252585870 450.0
51.278846435 419.0
51.305107000 435.0
51.331367566 424.0
51.357628131 431.0
51.383888696 405.0
51.410149262 413.0
51.436409827 398.0
51.462670392 400.0
51.488930958 412.0
51.515191523 419.0
51.541452088 406.0
51.567712654 409.0
51.593973219 439.0
51.620233784 410.0
51.646494350 432.0
51.672754915 380.0
51.699015481 407.0
51.725276046 374.0
51.751536611 388.0
51.777797177 398.0
51.804057742 422.0
51.830318307 435.0
51.856578873 408.0
51.882839438 424.0
51.909100003 345.0
51.935360569 364.0
51.961621134 399.0
51.987881699 445.0
52.014142265 405.0
52.040402830 421.0
52.066663396 396.0
52.092923961 421.0
52.119184526 411.0
52.145445092 437.0
52.171705657 431.0
52.197966222 444.0
52.224226788 410.0
52.250487353 399.0
52.276747918 428.0
52.303008484 439.0
52.329269049 434.0
52.355529614 407.0
52.381790180 444.0
52.408050745 428.0
52.434311310 429.0
52.460571876 403.0
52.486832441 407.0
52.513093007 428.0
52.539353572 424.0
52.565614137 388.0
52.591874703 388.0
52.618135268 405.0
52.644395833 405.0
52.670656399 407.0
52.696916964 415.0
52.723177529 394.0
52.749438095 396.0
52.775698660 409.0
52.801959225 400.0
52.828219791 401.0
52.854480356 410.0
52.880740922 422.0
52.907001487 417.0
52.933262052 355.0
52.959522618 427.0
52.985783183 427.0
53.012043748 443.0
53.038304314 420.0
53.064564879 398.0
53.090825444 406.0
53.117086010 433.0
53.143346575 392.0
53.169607140 391.0
53.195867706 404.0
53.222128271 412.0
53.248388836 402.0
53.274649402 404.0
53.300909967 413.0
53.327170533 430.0
53.353431098 442.0
53.379691663 430.0
53.405952229 398.0
53.432212794 411.0
53.458473359 425.0
53.484733925 409.0
53.510994490 461.0
53.537255055 429.0
53.563515621 393.0
53.589776186 448.0
53.616036751 437.0
53.642297317 431.0
53.668557882 468.0
53.694818448 496.0
53.721079013 492.0
53.747339578 524.0
53.773600144 551.0
53.799860709 566.0
53.826121274 602.0
53.852381840 615.0
53.878642405 637.0
53.904902970 604.0
53.931163536 625.0
53.957424101 637.0
53.983684666 572.0
54.009945232 580.0
54.036205797 573.0
54.062466362 548.0
54.088726928 518.0
54.114987493 520.0
54.141248059 526.0
54.167508624 446.0
54.193769189 473.0
54.220029755 460.0
54.246290320 432.0
54.272550885 390.0
54.298811451 449.0
54.325072016 400.0
54.351332581 388.0
54.377593147 413.0
54.403853712 428.0
54.430114277 439.0
54.456374843 401.0
54.482635408 410.0
54.508895973 428.0
54.535156539 405.0
54.561417104 419.0
54.587677670 402.0
54.613938235 501.0
54.640198800 450.0
54.666459366 406.0
54.692719931 379.0
54.718980496 387.0
54.745241062 440.0
54.771501627 426.0
54.797762192 417.0
54.824022758 460.0
54.850283323 414.0
54.876543888 387.0
54.902804454 461.0
54.929065019 425.0
54.955325585 399.0
54.981586150 399.0
55.007846715 433.0
55.034107281 414.0
55.060367846 348.0
55.086628411 409.0
55.112888977 413.0
55.139149542 442.0
55.165410107 390.0
55.191670673 417.0
55.217931238 432.0
55.244191803 444.0
55.270452369 398.0
55.296712934 412.0
55.322973499 421.0
55.349234065 428.0
55.375494630 425.0
55.401755196 400.0
55.428015761 388.0
55.454276326 445.0
55.480536892 409.0
55.506797457 403.0
55.533058022 431.0
55.559318588 399.0
55.585579153 387.0
55.611839718 426.0
55.638100284 389.0
55.664360849 395.0
55.690621414 427.0
55.716881980 413.0
55.743142545 383.0
55.769403111 427.0
55.795663676 372.0
55.821924241 398.0
55.848184807 447.0
55.874445372 402.0
55.900705937 413.0
55.926966503 406.0
55.953227068 415.0
55.979487633 427.0
56.005748199 401.0
56.032008764 418.0
56.058269329 396.0
56.084529895 467.0
56.110790460 464.0
56.137051025 452.0
56.163311591 395.0
56.189572156 424.0
56.215832722 416.0
56.242093287 418.0
56.268353852 421.0
56.294614418 416.0
56.320874983 421.0
56.347135548 419.0
56.373396114 438.0
56.399656679 434.0
56.425917244 418.0
56.452177810 425.0
56.478438375 392.0
56.504698940 403.0
56.530959506 427.0
56.557220071 438.0
56.583480637 454.0
56.609741202 403.0
56.636001767 417.0
56.662262333 422.0
56.688522898 400.0
56.714783463 420.0
56.741044029 418.0
56.767304594 440.0
56.793565159 441.0
56.819825725 452.0
56.846086290 409.0
56.872346855 408.0
56.898607421 435.0
56.924867986 414.0
56.951128551 423.0
56.977389117 429.0
57.003649682 417.0
57.029910248 408.0
57.056170813 443.0
57.082431378 443.0
57.108691944 431.0
57.134952509 424.0
57.161213074 441.0
57.187473640 435.0
57.213734205 471.0
57.239994770 417.0
57.266255336 425.0
57.292515901 430.0
57.318776466 422.0
57.345037032 415.0
57.371297597 415.0
57.397558163 460.0
57.423818728 434.0
57.450079293 457.0
57.476339859 434.0
57.502600424 375.0
57.528860989 381.0
57.555121555 422.0
57.581382120 413.0
57.607642685 461.0
57.633903251 428.0
57.660163816 446.0
57.686424381 426.0
57.712684947 450.0
57.738945512 436.0
57.765206077 450.0
57.791466643 465.0
57.817727208 451.0
57.843987774 420.0
57.870248339 434.0
57.896508904 457.0
57.922769470 419.0
57.949030035 455.0
57.975290600 424.0
58.001551166 450.0
58.027811731 415.0
58.054072296 411.0
58.080332862 464.0
58.106593427 449.0
58.132853992 438.0
58.159114558 455.0
58.185375123 485.0
58.211635689 460.0
58.237896254 461.0
58.264156819 481.0
58.290417385 471.0
58.316677950 464.0
58.342938515 485.0
58.369199081 440.0
58.395459646 455.0
58.421720211 443.0
58.447980777 430.0
58.474241342 459.0
58.500501907 419.0
58.526762473 445.0
58.553023038 422.0
58.579283603 441.0
58.605544169 472.0
58.631804734 459.0
58.658065300 469.0
58.684325865 475.0
58.710586430 450.0
58.736846996 477.0
58.763107561 481.0
58.789368126 468.0
58.815628692 514.0
58.841889257 542.0
58.868149822 477.0
58.894410388 471.0
58.920670953 509.0
58.946931518 457.0
58.973192084 462.0
58.999452649 494.0
59.025713214 490.0
59.051973780 489.0
59.078234345 484.0
59.104494911 516.0
59.130755476 543.0
59.157016041 497.0
59.183276607 509.0
59.209537172 469.0
59.235797737 484.0
59.262058303 526.0
59.288318868 507.0
59.314579433 523.0
59.340839999 504.0
59.367100564 547.0
59.393361129 493.0
59.419621695 486.0
59.445882260 476.0
59.472142826 482.0
59.498403391 480.0
59.524663956 555.0
59.550924522 599.0
59.577185087 553.0
59.603445652 527.0
59.629706218 548.0
59.655966783 546.0
59.682227348 573.0
59.708487914 539.0
59.734748479 558.0
59.761009044 565.0
59.787269610 554.0
59.813530175 540.0
59.839790740 606.0
59.866051306 562.0
59.892311871 571.0
59.918572437 591.0
59.944833002 569.0
59.971093567 608.0
59.997354133 584.0
60.023614698 590.0
60.049875263 548.0
60.076135829 618.0
60.102396394 589.0
60.128656959 643.0
60.154917525 605.0
60.181178090 599.0
60.207438655 612.0
60.233699221 597.0
60.259959786 617.0
60.286220352 699.0
60.312480917 692.0
60.338741482 634.0
60.365002048 652.0
60.391262613 682.0
60.417523178 681.0
60.443783744 637.0
60.470044309 638.0
60.496304874 669.0
60.522565440 692.0
60.548826005 692.0
60.575086570 722.0
60.601347136 709.0
60.627607701 718.0
60.653868266 742.0
60.680128832 766.0
60.706389397 729.0
60.732649963 720.0
60.758910528 837.0
60.785171093 822.0
60.811431659 791.0
60.837692224 773.0
60.863952789 815.0
60.890213355 811.0
60.916473920 817.0
60.942734485 823.0
60.968995051 884.0
60.995255616 923.0
61.021516181 932.0
61.047776747 851.0
61.074037312 925.0
61.100297878 884.0
61.126558443 961.0
61.152819008 883.0
61.179079574 942.0
61.205340139 992.0
61.231600704 1071.0
61.257861270 1007.0
61.284121835 1046.0
61.310382400 1072.0
61.336642966 1065.0
61.362903531 1121.0
61.389164096 1148.0
61.415424662 1038.0
61.441685227 1182.0
61.467945792 1172.0
61.494206358 1229.0
61.520466923 1198.0
61.546727489 1138.0
61.572988054 1265.0
61.599248619 1295.0
61.625509185 1341.0
61.651769750 1334.0
61.678030315 1335.0
61.704290881 1449.0
61.730551446 1498.0
61.756812011 1498.0
61.783072577 1525.0
61.809333142 1564.0
61.835593707 1577.0
61.861854273 1633.0
61.888114838 1698.0
61.914375404 1657.0
61.940635969 1700.0
61.966896534 1782.0
61.993157100 1846.0
62.019417665 1871.0
62.045678230 1986.0
62.071938796 1980.0
62.098199361 2025.0
62.124459926 2030.0
62.150720492 2158.0
62.176981057 2199.0
62.203241622 2151.0
62.229502188 2337.0
62.255762753 2318.0
62.282023318 2503.0
62.308283884 2379.0
62.334544449 2594.0
62.360805015 2648.0
62.387065580 2724.0
62.413326145 2717.0
62.439586711 2904.0
62.465847276 2817.0
62.492107841 2901.0
62.518368407 2949.0
62.544628972 3034.0
62.570889537 3039.0
62.597150103 3180.0
62.623410668 3219.0
62.649671233 3287.0
62.675931799 3314.0
62.702192364 3387.0
62.728452930 3376.0
62.754713495 3311.0
62.780974060 3476.0
62.807234626 3481.0
62.833495191 3474.0
62.859755756 3547.0
62.886016322 3559.0
62.912276887 3581.0
62.938537452 3599.0
62.964798018 3669.0
62.991058583 3534.0
63.017319148 3678.0
63.043579714 3634.0
63.069840279 3605.0
63.096100844 3667.0
63.122361410 3683.0
63.148621975 3541.0
63.174882541 3574.0
63.201143106 3497.0
63.227403671 3469.0
63.253664237 3438.0
63.279924802 3360.0
63.306185367 3324.0
63.332445933 3357.0
63.358706498 3291.0
63.384967063 3200.0
63.411227629 3233.0
63.437488194 3112.0
63.463748759 3079.0
63.490009325 3033.0
63.516269890 2939.0
63.542530455 2935.0
63.568791021 2855.0
63.595051586 2870.0
63.621312152 2802.0
63.647572717 2666.0
63.673833282 2709.0
63.700093848 2632.0
63.726354413 2554.0
63.752614978 2603.0
63.778875544 2450.0
63.805136109 2428.0
63.831396674 2331.0
63.857657240 2267.0
63.883917805 2260.0
63.910178370 2220.0
63.936438936 2209.0
63.962699501 2098.0
63.988960067 2122.0
64.015220632 2059.0
64.041481197 2019.0
64.067741763 1982.0
64.094002328 1897.0
64.120262893 1852.0
64.146523459 1762.0
64.172784024 1831.0
64.199044589 1677.0
64.225305155 1723.0
64.251565720 1677.0
64.277826285 1647.0
64.304086851 1550.0
64.330347416 1614.0
64.356607981 1508.0
64.382868547 1498.0
64.409129112 1470.0
64.435389678 1433.0
64.461650243 1438.0
64.487910808 1343.0
64.514171374 1325.0
64.540431939 1326.0
64.566692504 1267.0
64.592953070 1247.0
64.619213635 1158.0
64.645474200 1211.0
64.671734766 1171.0
64.697995331 1113.0
64.724255896 1128.0
64.750516462 1095.0
64.776777027 1088.0
64.803037593 1084.0
64.829298158 1091.0
64.855558723 1078.0
64.881819289 964.0
64.908079854 976.0
64.934340419 958.0
64.960600985 936.0
64.986861550 942.0
