5.007730280 4526.0
5.033990845 4531.0
5.060251411 4501.0
5.086511976 4556.0
5.112772541 4553.0
5.139033107 4469.0
5.165293672 4487.0
5.191554237 4408.0
5.217814803 4480.0
5.244075368 4479.0
5.270335934 4298.0
5.296596499 4210.0
5.322857064 4227.0
5.349117630 4339.0
5.375378195 4219.0
5.401638760 4184.0
5.427899326 4399.0
5.454159891 4061.0
5.480420456 4160.0
5.506681022 4167.0
5.532941587 4102.0
5.559202152 4133.0
5.585462718 4207.0
5.611723283 4003.0
5.637983849 4002.0
5.664244414 4045.0
5.690504979 3997.0
5.716765545 3928.0
5.743026110 4009.0
5.769286675 3973.0
5.795547241 3863.0
5.821807806 3879.0
5.848068371 3884.0
5.874328937 4006.0
5.900589502 3932.0
5.926850067 3845.0
5.953110633 4003.0
5.979371198 3950.0
6.005631763 3886.0
6.031892329 3827.0
6.058152894 3841.0
6.084413460 3845.0
6.110674025 3793.0
6.136934590 3908.0
6.163195156 3743.0
6.189455721 3811.0
6.215716286 3918.0
6.241976852 3747.0
6.268237417 3806.0
6.294497982 3664.0
6.320758548 3787.0
6.347019113 3681.0
6.373279678 3871.0
6.399540244 3755.0
6.425800809 3872.0
6.452061375 3811.0
6.478321940 3703.0
6.504582505 3782.0
6.530843071 3738.0
6.557103636 3832.0
6.583364201 3825.0
6.609624767 3611.0
6.635885332 3789.0
6.662145897 3775.0
6.688406463 3719.0
6.714667028 3664.0
6.740927593 3678.0
6.767188159 3620.0
6.793448724 3737.0
6.819709289 3731.0
6.845969855 3788.0
6.872230420 3764.0
6.898490986 3651.0
6.924751551 3664.0
6.951012116 3620.0
6.977272682 3620.0
7.003533247 3625.0
7.029793812 3687.0
7.056054378 3696.0
7.082314943 3703.0
7.108575508 3795.0
7.134836074 3739.0
7.161096639 3742.0
7.187357204 3647.0
7.213617770 3695.0
7.239878335 3512.0
7.266138900 3584.0
7.292399466 3829.0
7.318660031 3629.0
7.344920597 3631.0
7.371181162 3636.0
7.397441727 3630.0
7.423702293 3605.0
7.449962858 3648.0
7.476223423 3597.0
7.502483989 3600.0
7.528744554 3619.0
7.555005119 3662.0
7.581265685 3697.0
7.607526250 3729.0
7.633786815 3698.0
7.660047381 3669.0
7.686307946 3569.0
7.712568512 3536.0
7.738829077 3547.0
7.765089642 3664.0
7.791350208 3578.0
7.817610773 3652.0
7.843871338 3695.0
7.870131904 3543.0
7.896392469 3557.0
7.922653034 3691.0
7.948913600 3591.0
7.975174165 3567.0
8.001434730 3668.0
8.027695296 3701.0
8.053955861 3625.0
8.080216426 3624.0
8.106476992 3640.0
8.132737557 3754.0
8.158998123 3702.0
8.185258688 3719.0
8.211519253 3796.0
8.237779819 3747.0
8.264040384 3793.0
8.290300949 3660.0
8.316561515 3775.0
8.342822080 3740.0
8.369082645 3694.0
8.395343211 3702.0
8.421603776 3730.0
8.447864341 3738.0
8.474124907 3712.0
8.500385472 3794.0
8.526646038 3800.0
8.552906603 3775.0
8.579167168 3692.0
8.605427734 3878.0
8.631688299 3745.0
8.657948864 3856.0
8.684209430 3827.0
8.710469995 3815.0
8.736730560 3816.0
8.762991126 3803.0
8.789251691 3734.0
8.815512256 3861.0
8.841772822 3997.0
8.868033387 3868.0
8.894293952 3876.0
8.920554518 3889.0
8.946815083 3892.0
8.973075649 4051.0
8.999336214 3960.0
9.025596779 3979.0
9.051857345 3863.0
9.078117910 3984.0
9.104378475 3963.0
9.130639041 3961.0
9.156899606 4064.0
9.183160171 4135.0
9.209420737 4130.0
9.235681302 4098.0
9.261941867 4215.0
9.288202433 4158.0
9.314462998 4132.0
9.340723564 4062.0
9.366984129 4203.0
9.393244694 4265.0
9.419505260 4084.0
9.445765825 4224.0
9.472026390 4357.0
9.498286956 4457.0
9.524547521 4426.0
9.550808086 4423.0
9.577068652 4524.0
9.603329217 4432.0
9.629589782 4398.0
9.655850348 4496.0
9.682110913 4579.0
9.708371478 4506.0
9.734632044 4635.0
9.760892609 4788.0
9.787153175 4713.0
9.813413740 4695.0
9.839674305 4813.0
9.865934871 4842.0
9.892195436 4910.0
9.918456001 4861.0
9.944716567 4949.0
9.970977132 4872.0
9.997237697 5088.0
10.023498263 5105.0
10.049758828 5070.0
10.076019393 5010.0
10.102279959 5123.0
10.128540524 5165.0
10.154801090 5136.0
10.181061655 5246.0
10.207322220 5288.0
10.233582786 5221.0
10.259843351 5485.0
10.286103916 5622.0
10.312364482 5416.0
10.338625047 5580.0
10.364885612 5520.0
10.391146178 5591.0
10.417406743 5642.0
10.443667308 5881.0
10.469927874 5957.0
10.496188439 5822.0
10.522449004 5846.0
10.548709570 5973.0
10.574970135 6059.0
10.601230701 6117.0
10.627491266 6061.0
10.653751831 6044.0
10.680012397 6334.0
10.706272962 6275.0
10.732533527 6352.0
10.758794093 6471.0
10.785054658 6445.0
10.811315223 6439.0
10.837575789 6503.0
10.863836354 6534.0
10.890096919 6550.0
10.916357485 6518.0
10.942618050 6780.0
10.968878616 6767.0
10.995139181 6667.0
11.021399746 6877.0
11.047660312 6730.0
11.073920877 6824.0
11.100181442 6736.0
11.126442008 6845.0
11.152702573 6790.0
11.178963138 6886.0
11.205223704 6839.0
11.231484269 6854.0
11.257744834 6808.0
11.284005400 6794.0
11.310265965 6733.0
11.336526530 6795.0
11.362787096 6810.0
11.389047661 6802.0
11.415308227 6703.0
11.441568792 6791.0
11.467829357 6584.0
11.494089923 6742.0
11.520350488 6670.0
11.546611053 6660.0
11.572871619 6472.0
11.599132184 6512.0
11.625392749 6584.0
11.651653315 6330.0
11.677913880 6521.0
11.704174445 6319.0
11.730435011 6347.0
11.756695576 6156.0
11.782956141 6202.0
11.809216707 6099.0
11.835477272 5908.0
11.861737838 5876.0
11.887998403 5906.0
11.914258968 5790.0
11.940519534 5684.0
11.966780099 5704.0
11.993040664 5671.0
12.019301230 5513.0
12.045561795 5487.0
12.071822360 5399.0
12.098082926 5412.0
12.124343491 5220.0
12.150604056 5133.0
12.176864622 5152.0
12.203125187 5155.0
12.229385753 4904.0
12.255646318 4953.0
12.281906883 4823.0
12.308167449 4789.0
12.334428014 4693.0
12.360688579 4739.0
12.386949145 4631.0
12.413209710 4633.0
12.439470275 4509.0
12.465730841 4421.0
12.491991406 4292.0
12.518251971 4197.0
12.544512537 4248.0
12.570773102 4074.0
12.597033667 4114.0
12.623294233 4074.0
12.649554798 4033.0
12.675815364 3849.0
12.702075929 4013.0
12.728336494 3899.0
12.754597060 3757.0
12.780857625 3677.0
12.807118190 3611.0
12.833378756 3629.0
12.859639321 3544.0
12.885899886 3621.0
12.912160452 3473.0
12.938421017 3514.0
12.964681582 3321.0
12.990942148 3408.0
13.017202713 3381.0
13.043463279 3295.0
13.069723844 3400.0
13.095984409 3190.0
13.122244975 3172.0
13.148505540 3287.0
13.174766105 3195.0
13.201026671 3146.0
13.227287236 3115.0
13.253547801 3033.0
13.279808367 3056.0
13.306068932 2988.0
13.332329497 3018.0
13.358590063 2917.0
13.384850628 2960.0
13.411111193 2814.0
13.437371759 2837.0
13.463632324 2950.0
13.489892890 2887.0
13.516153455 2849.0
13.542414020 2953.0
13.568674586 2813.0
13.594935151 2778.0
13.621195716 2737.0
13.647456282 2747.0
13.673716847 2806.0
13.699977412 2623.0
13.726237978 2602.0
13.752498543 2724.0
13.778759108 2640.0
13.805019674 2734.0
13.831280239 2524.0
13.857540805 2605.0
13.883801370 2509.0
13.910061935 2533.0
13.936322501 2487.0
13.962583066 2491.0
13.988843631 2478.0
14.015104197 2439.0
14.041364762 2438.0
14.067625327 2482.0
14.093885893 2519.0
14.120146458 2475.0
14.146407023 2393.0
14.172667589 2385.0
14.198928154 2483.0
14.225188719 2386.0
14.251449285 2323.0
14.277709850 2371.0
14.303970416 2312.0
14.330230981 2227.0
14.356491546 2311.0
14.382752112 2287.0
14.409012677 2231.0
14.435273242 2310.0
14.461533808 2301.0
14.487794373 2236.0
14.514054938 2218.0
14.540315504 2291.0
14.566576069 2284.0
14.592836634 2242.0
14.619097200 2207.0
14.645357765 2213.0
14.671618331 2191.0
14.697878896 2147.0
14.724139461 2236.0
14.750400027 2215.0
14.776660592 2257.0
14.802921157 2144.0
14.829181723 2199.0
14.855442288 2229.0
14.881702853 2187.0
14.907963419 2203.0
14.934223984 2140.0
14.960484549 2121.0
14.986745115 2058.0
15.013005680 2088.0
15.039266245 2068.0
15.065526811 2129.0
15.091787376 2094.0
15.118047942 2069.0
15.144308507 2114.0
15.170569072 2089.0
15.196829638 2099.0
15.223090203 2169.0
15.249350768 2072.0
15.275611334 2105.0
15.301871899 2062.0
15.328132464 2080.0
15.354393030 2062.0
15.380653595 2028.0
15.406914160 1990.0
15.433174726 2025.0
15.459435291 2069.0
15.485695857 1984.0
15.511956422 2043.0
15.538216987 2039.0
15.564477553 2003.0
15.590738118 1961.0
15.616998683 2012.0
15.643259249 1979.0
15.669519814 1947.0
15.695780379 1998.0
15.722040945 1983.0
15.748301510 2018.0
15.774562075 1953.0
15.800822641 2025.0
15.827083206 1947.0
15.853343771 1961.0
15.879604337 1875.0
15.905864902 1932.0
15.932125468 1980.0
15.958386033 1930.0
15.984646598 2027.0
16.010907164 1948.0
16.037167729 1938.0
16.063428294 1971.0
16.089688860 1946.0
16.115949425 1939.0
16.142209990 1889.0
16.168470556 1918.0
16.194731121 1873.0
16.220991686 1870.0
16.247252252 1950.0
16.273512817 1953.0
16.299773382 1851.0
16.326033948 1878.0
16.352294513 1861.0
16.378555079 1858.0
16.404815644 1984.0
16.431076209 1806.0
16.457336775 1845.0
16.483597340 1864.0
16.509857905 1898.0
16.536118471 1864.0
16.562379036 1847.0
16.588639601 1935.0
16.614900167 1934.0
16.641160732 1851.0
16.667421297 1955.0
16.693681863 1854.0
16.719942428 1746.0
16.746202994 1930.0
16.772463559 1920.0
16.798724124 1909.0
16.824984690 1869.0
16.851245255 1776.0
16.877505820 1761.0
16.903766386 1873.0
16.930026951 1794.0
16.956287516 1925.0
16.982548082 1871.0
17.008808647 1742.0
17.035069212 1929.0
17.061329778 1813.0
17.087590343 1791.0
17.113850908 1828.0
17.140111474 1883.0
17.166372039 1807.0
17.192632605 1841.0
17.218893170 1804.0
17.245153735 1798.0
17.271414301 1781.0
17.297674866 1770.0
17.323935431 1821.0
17.350195997 1803.0
17.376456562 1775.0
17.402717127 1800.0
17.428977693 1839.0
17.455238258 1730.0
17.481498823 1826.0
17.507759389 1731.0
17.534019954 1819.0
17.560280520 1788.0
17.586541085 1757.0
17.612801650 1822.0
17.639062216 1773.0
17.665322781 1779.0
17.691583346 1788.0
17.717843912 1833.0
17.744104477 1805.0
17.770365042 1826.0
17.796625608 1844.0
17.822886173 1814.0
17.849146738 1772.0
17.875407304 1832.0
17.901667869 1795.0
17.927928434 1729.0
17.954189000 1767.0
17.980449565 1772.0
18.006710131 1736.0
18.032970696 1843.0
18.059231261 1753.0
18.085491827 1740.0
18.111752392 1826.0
18.138012957 1774.0
18.164273523 1767.0
18.190534088 1829.0
18.216794653 1790.0
18.243055219 1709.0
18.269315784 1821.0
18.295576349 1767.0
18.321836915 1795.0
18.348097480 1762.0
18.374358046 1835.0
18.400618611 1798.0
18.426879176 1772.0
18.453139742 1760.0
18.479400307 1765.0
18.505660872 1779.0
18.531921438 1742.0
18.558182003 1791.0
18.584442568 1772.0
18.610703134 1905.0
18.636963699 1791.0
18.663224264 1888.0
18.689484830 1835.0
18.715745395 1803.0
18.742005960 1849.0
18.768266526 1724.0
18.794527091 1852.0
18.820787657 1843.0
18.847048222 1705.0
18.873308787 1814.0
18.899569353 1773.0
18.925829918 1760.0
18.952090483 1890.0
18.978351049 1818.0
19.004611614 1817.0
19.030872179 1766.0
19.057132745 1741.0
19.083393310 1759.0
19.109653875 1782.0
19.135914441 1797.0
19.162175006 1878.0
19.188435572 1811.0
19.214696137 1868.0
19.240956702 1881.0
19.267217268 1933.0
19.293477833 1824.0
19.319738398 1777.0
19.345998964 1811.0
19.372259529 1798.0
19.398520094 1807.0
19.424780660 1799.0
19.451041225 1850.0
19.477301790 1770.0
19.503562356 1885.0
19.529822921 1893.0
19.556083486 1902.0
19.582344052 1773.0
19.608604617 1796.0
19.634865183 1861.0
19.661125748 1891.0
19.687386313 1859.0
19.713646879 1850.0
19.739907444 1886.0
19.766168009 1891.0
19.792428575 1910.0
19.818689140 1820.0
19.844949705 1823.0
19.871210271 1881.0
19.897470836 1910.0
19.923731401 1878.0
19.949991967 1840.0
19.976252532 1964.0
20.002513098 1951.0
20.028773663 1928.0
20.055034228 1792.0
20.081294794 1900.0
20.107555359 1958.0
20.133815924 1855.0
20.160076490 1873.0
20.186337055 1938.0
20.212597620 1924.0
20.238858186 2024.0
20.265118751 1986.0
20.291379316 2001.0
20.317639882 1922.0
20.343900447 1915.0
20.370161012 1947.0
20.396421578 1932.0
20.422682143 1985.0
20.448942709 1976.0
20.475203274 2018.0
20.501463839 1965.0
20.527724405 2028.0
20.553984970 1925.0
20.580245535 2013.0
20.606506101 2010.0
20.632766666 2089.0
20.659027231 2043.0
20.685287797 2052.0
20.711548362 1971.0
20.737808927 1944.0
20.764069493 2110.0
20.790330058 2087.0
20.816590623 2049.0
20.842851189 2074.0
20.869111754 2047.0
20.895372320 2063.0
20.921632885 2035.0
20.947893450 2103.0
20.974154016 2084.0
21.000414581 2117.0
21.026675146 2130.0
21.052935712 2143.0
21.079196277 2128.0
21.105456842 2031.0
21.131717408 2130.0
21.157977973 2156.0
21.184238538 2118.0
21.210499104 2089.0
21.236759669 2178.0
21.263020235 2193.0
21.289280800 2252.0
21.315541365 2242.0
21.341801931 2258.0
21.368062496 2260.0
21.394323061 2281.0
21.420583627 2275.0
21.446844192 2246.0
21.473104757 2239.0
21.499365323 2276.0
21.525625888 2296.0
21.551886453 2214.0
21.578147019 2395.0
21.604407584 2294.0
21.630668149 2373.0
21.656928715 2353.0
21.683189280 2425.0
21.709449846 2334.0
21.735710411 2480.0
21.761970976 2392.0
21.788231542 2505.0
21.814492107 2499.0
21.840752672 2512.0
21.867013238 2562.0
21.893273803 2483.0
21.919534368 2480.0
21.945794934 2507.0
21.972055499 2566.0
21.998316064 2488.0
22.024576630 2559.0
22.050837195 2657.0
22.077097761 2638.0
22.103358326 2620.0
22.129618891 2681.0
22.155879457 2629.0
22.182140022 2724.0
22.208400587 2538.0
22.234661153 2636.0
22.260921718 2656.0
22.287182283 2722.0
22.313442849 2653.0
22.339703414 2698.0
22.365963979 2732.0
22.392224545 2741.0
22.418485110 2749.0
22.444745675 2706.0
22.471006241 2665.0
22.497266806 2782.0
22.523527372 2745.0
22.549787937 2726.0
22.576048502 2731.0
22.602309068 2783.0
22.628569633 2774.0
22.654830198 2770.0
22.681090764 2690.0
22.707351329 2771.0
22.733611894 2863.0
22.759872460 2732.0
22.786133025 2792.0
22.812393590 2670.0
22.838654156 2855.0
22.864914721 2825.0
22.891175287 2754.0
22.917435852 2646.0
22.943696417 2819.0
22.969956983 2648.0
22.996217548 2810.0
23.022478113 2676.0
23.048738679 2831.0
23.074999244 2745.0
23.101259809 2656.0
23.127520375 2707.0
23.153780940 2634.0
23.180041505 2657.0
23.206302071 2754.0
23.232562636 2540.0
23.258823201 2671.0
23.285083767 2525.0
23.311344332 2595.0
23.337604898 2529.0
23.363865463 2531.0
23.390126028 2536.0
23.416386594 2560.0
23.442647159 2462.0
23.468907724 2478.0
23.495168290 2369.0
23.521428855 2476.0
23.547689420 2454.0
23.573949986 2314.0
23.600210551 2307.0
23.626471116 2413.0
23.652731682 2377.0
23.678992247 2307.0
23.705252813 2273.0
23.731513378 2233.0
23.757773943 2159.0
23.784034509 2153.0
23.810295074 2118.0
23.836555639 2190.0
23.862816205 2096.0
23.889076770 2170.0
23.915337335 2070.0
23.941597901 2099.0
23.967858466 2144.0
23.994119031 2053.0
24.020379597 2000.0
24.046640162 1973.0
24.072900727 2056.0
24.099161293 1971.0
24.125421858 1969.0
24.151682424 1900.0
24.177942989 1937.0
24.204203554 1932.0
24.230464120 1838.0
24.256724685 1889.0
24.282985250 1854.0
24.309245816 1899.0
24.335506381 1650.0
24.361766946 1775.0
24.388027512 1802.0
24.414288077 1711.0
24.440548642 1809.0
24.466809208 1732.0
24.493069773 1716.0
24.519330338 1695.0
24.545590904 1683.0
24.571851469 1725.0
24.598112035 1648.0
24.624372600 1586.0
24.650633165 1620.0
24.676893731 1566.0
24.703154296 1665.0
24.729414861 1603.0
24.755675427 1584.0
24.781935992 1606.0
24.808196557 1533.0
24.834457123 1586.0
24.860717688 1549.0
24.886978253 1545.0
24.913238819 1591.0
24.939499384 1557.0
24.965759950 1483.0
24.992020515 1580.0
25.018281080 1465.0
25.044541646 1531.0
25.070802211 1465.0
25.097062776 1515.0
25.123323342 1480.0
25.149583907 1410.0
25.175844472 1488.0
25.202105038 1405.0
25.228365603 1425.0
25.254626168 1415.0
25.280886734 1512.0
25.307147299 1522.0
25.333407864 1526.0
25.359668430 1400.0
25.385928995 1438.0
25.412189561 1388.0
25.438450126 1437.0
25.464710691 1402.0
25.490971257 1369.0
25.517231822 1379.0
25.543492387 1299.0
25.569752953 1364.0
25.596013518 1342.0
25.622274083 1402.0
25.648534649 1411.0
25.674795214 1357.0
25.701055779 1398.0
25.727316345 1336.0
25.753576910 1367.0
25.779837476 1360.0
25.806098041 1326.0
25.832358606 1415.0
25.858619172 1334.0
25.884879737 1321.0
25.911140302 1281.0
25.937400868 1313.0
25.963661433 1280.0
25.989921998 1351.0
26.016182564 1362.0
26.042443129 1355.0
26.068703694 1323.0
26.094964260 1310.0
26.121224825 1269.0
26.147485390 1284.0
26.173745956 1349.0
26.200006521 1297.0
26.226267087 1275.0
26.252527652 1279.0
26.278788217 1287.0
26.305048783 1318.0
26.331309348 1344.0
26.357569913 1323.0
26.383830479 1311.0
26.410091044 1278.0
26.436351609 1252.0
26.462612175 1315.0
26.488872740 1335.0
26.515133305 1290.0
26.541393871 1316.0
26.567654436 1246.0
26.593915002 1280.0
26.620175567 1239.0
26.646436132 1286.0
26.672696698 1249.0
26.698957263 1335.0
26.725217828 1302.0
26.751478394 1287.0
26.777738959 1267.0
26.803999524 1266.0
26.830260090 1344.0
26.856520655 1291.0
26.882781220 1354.0
26.909041786 1236.0
26.935302351 1256.0
26.961562916 1290.0
26.987823482 1235.0
27.014084047 1250.0
27.040344613 1256.0
27.066605178 1282.0
27.092865743 1336.0
27.119126309 1268.0
27.145386874 1267.0
27.171647439 1300.0
27.197908005 1260.0
27.224168570 1249.0
27.250429135 1232.0
27.276689701 1194.0
27.302950266 1282.0
27.329210831 1157.0
27.355471397 1279.0
27.381731962 1305.0
27.407992528 1292.0
27.434253093 1313.0
27.460513658 1241.0
27.486774224 1244.0
27.513034789 1240.0
27.539295354 1265.0
27.565555920 1185.0
27.591816485 1191.0
27.618077050 1189.0
27.644337616 1268.0
27.670598181 1259.0
27.696858746 1295.0
27.723119312 1214.0
27.749379877 1226.0
27.775640442 1262.0
27.801901008 1243.0
27.828161573 1282.0
27.854422139 1211.0
27.880682704 1219.0
27.906943269 1175.0
27.933203835 1254.0
27.959464400 1218.0
27.985724965 1231.0
28.011985531 1279.0
28.038246096 1181.0
28.064506661 1210.0
28.090767227 1208.0
28.117027792 1308.0
28.143288357 1220.0
28.169548923 1246.0
28.195809488 1213.0
28.222070054 1214.0
28.248330619 1202.0
28.274591184 1242.0
28.300851750 1279.0
28.327112315 1191.0
28.353372880 1227.0
28.379633446 1233.0
28.405894011 1227.0
28.432154576 1224.0
28.458415142 1199.0
28.484675707 1237.0
28.510936272 1203.0
28.537196838 1227.0
28.563457403 1271.0
28.589717968 1220.0
28.615978534 1191.0
28.642239099 1204.0
28.668499665 1224.0
28.694760230 1251.0
28.721020795 1180.0
28.747281361 1212.0
28.773541926 1188.0
28.799802491 1193.0
28.826063057 1244.0
28.852323622 1165.0
28.878584187 1215.0
28.904844753 1136.0
28.931105318 1246.0
28.957365883 1219.0
28.983626449 1268.0
29.009887014 1190.0
29.036147579 1167.0
29.062408145 1161.0
29.088668710 1133.0
29.114929276 1181.0
29.141189841 1231.0
29.167450406 1227.0
29.193710972 1236.0
29.219971537 1151.0
29.246232102 1183.0
29.272492668 1221.0
29.298753233 1152.0
29.325013798 1178.0
29.351274364 1219.0
29.377534929 1153.0
29.403795494 1169.0
29.430056060 1177.0
29.456316625 1187.0
29.482577191 1202.0
29.508837756 1172.0
29.535098321 1227.0
29.561358887 1182.0
29.587619452 1226.0
29.613880017 1285.0
29.640140583 1206.0
29.666401148 1209.0
29.692661713 1141.0
29.718922279 1209.0
29.745182844 1188.0
29.771443409 1238.0
29.797703975 1214.0
29.823964540 1202.0
29.850225105 1192.0
29.876485671 1122.0
29.902746236 1141.0
29.929006802 1161.0
29.955267367 1207.0
29.981527932 1179.0
30.007788498 1217.0
30.034049063 1175.0
30.060309628 1216.0
30.086570194 1163.0
30.112830759 1192.0
30.139091324 1149.0
30.165351890 1117.0
30.191612455 1232.0
30.217873020 1178.0
30.244133586 1138.0
30.270394151 1146.0
30.296654717 1154.0
30.322915282 1107.0
30.349175847 1218.0
30.375436413 1185.0
30.401696978 1258.0
30.427957543 1192.0
30.454218109 1191.0
30.480478674 1166.0
30.506739239 1137.0
30.532999805 1226.0
30.559260370 1130.0
30.585520935 1204.0
30.611781501 1202.0
30.638042066 1193.0
30.664302631 1130.0
30.690563197 1160.0
30.716823762 1110.0
30.743084328 1149.0
30.769344893 1121.0
30.795605458 1192.0
30.821866024 1113.0
30.848126589 1148.0
30.874387154 1178.0
30.900647720 1122.0
30.926908285 1143.0
30.953168850 1113.0
30.979429416 1114.0
31.005689981 1107.0
31.031950546 1180.0
31.058211112 1159.0
31.084471677 1141.0
31.110732243 1118.0
31.136992808 1114.0
31.163253373 1126.0
31.189513939 1134.0
31.215774504 1196.0
31.242035069 1152.0
31.268295635 1139.0
31.294556200 1157.0
31.320816765 1150.0
31.347077331 1134.0
31.373337896 1107.0
31.399598461 1122.0
31.425859027 1107.0
31.452119592 1168.0
31.478380157 1195.0
31.504640723 1087.0
31.530901288 1175.0
31.557161854 1179.0
31.583422419 1117.0
31.609682984 1111.0
31.635943550 1256.0
31.662204115 1147.0
31.688464680 1117.0
31.714725246 1196.0
31.740985811 1175.0
31.767246376 1158.0
31.793506942 1135.0
31.819767507 1162.0
31.846028072 1158.0
31.872288638 1159.0
31.898549203 1183.0
31.924809769 1164.0
31.951070334 1120.0
31.977330899 1161.0
32.003591465 1149.0
32.029852030 1169.0
32.056112595 1178.0
32.082373161 1138.0
32.108633726 1083.0
32.134894291 1144.0
32.161154857 1117.0
32.187415422 1124.0
32.213675987 1129.0
32.239936553 1144.0
32.266197118 1246.0
32.292457683 1140.0
32.318718249 1150.0
32.344978814 1161.0
32.371239380 1081.0
32.397499945 1096.0
32.423760510 1199.0
32.450021076 1116.0
32.476281641 1199.0
32.502542206 1191.0
32.528802772 1138.0
32.555063337 1144.0
32.581323902 1153.0
32.607584468 1229.0
32.633845033 1216.0
32.660105598 1187.0
32.686366164 1188.0
32.712626729 1240.0
32.738887295 1226.0
32.765147860 1152.0
32.791408425 1179.0
32.817668991 1192.0
32.843929556 1229.0
32.870190121 1217.0
32.896450687 1181.0
32.922711252 1230.0
32.948971817 1216.0
32.975232383 1201.0
33.001492948 1219.0
33.027753513 1287.0
33.054014079 1255.0
33.080274644 1262.0
33.106535209 1233.0
33.132795775 1252.0
33.159056340 1302.0
33.185316906 1281.0
33.211577471 1332.0
33.237838036 1292.0
33.264098602 1273.0
33.290359167 1283.0
33.316619732 1273.0
33.342880298 1371.0
33.369140863 1333.0
33.395401428 1344.0
33.421661994 1424.0
33.447922559 1342.0
33.474183124 1417.0
33.500443690 1385.0
33.526704255 1460.0
33.552964820 1420.0
33.579225386 1440.0
33.605485951 1436.0
33.631746517 1509.0
33.658007082 1465.0
33.684267647 1504.0
33.710528213 1495.0
33.736788778 1609.0
33.763049343 1600.0
33.789309909 1546.0
33.815570474 1572.0
33.841831039 1642.0
33.868091605 1556.0
33.894352170 1702.0
33.920612735 1599.0
33.946873301 1768.0
33.973133866 1689.0
33.999394432 1774.0
34.025654997 1750.0
34.051915562 1776.0
34.078176128 1814.0
34.104436693 1851.0
34.130697258 1889.0
34.156957824 1809.0
34.183218389 1884.0
34.209478954 1994.0
34.235739520 1955.0
34.262000085 2006.0
34.288260650 1969.0
34.314521216 1983.0
34.340781781 2077.0
34.367042346 2094.0
34.393302912 2075.0
34.419563477 2079.0
34.445824043 2108.0
34.472084608 2130.0
34.498345173 2098.0
34.524605739 2212.0
34.550866304 2182.0
34.577126869 2193.0
34.603387435 2253.0
34.629648000 2157.0
34.655908565 2206.0
34.682169131 2247.0
34.708429696 2277.0
34.734690261 2307.0
34.760950827 2326.0
34.787211392 2335.0
34.813471958 2270.0
34.839732523 2368.0
34.865993088 2288.0
34.892253654 2217.0
34.918514219 2295.0
34.944774784 2414.0
34.971035350 2343.0
34.997295915 2271.0
35.023556480 2369.0
35.049817046 2319.0
35.076077611 2277.0
35.102338176 2368.0
35.128598742 2340.0
35.154859307 2400.0
35.181119872 2325.0
35.207380438 2346.0
35.233641003 2288.0
35.259901569 2312.0
35.286162134 2394.0
35.312422699 2381.0
35.338683265 2391.0
35.364943830 2345.0
35.391204395 2314.0
35.417464961 2319.0
35.443725526 2337.0
35.469986091 2300.0
35.496246657 2414.0
35.522507222 2357.0
35.548767787 2262.0
35.575028353 2376.0
35.601288918 2206.0
35.627549484 2311.0
35.653810049 2308.0
35.680070614 2337.0
35.706331180 2325.0
35.732591745 2212.0
35.758852310 2308.0
35.785112876 2276.0
35.811373441 2206.0
35.837634006 2353.0
35.863894572 2220.0
35.890155137 2196.0
35.916415702 2189.0
35.942676268 2185.0
35.968936833 2250.0
35.995197398 2244.0
36.021457964 2175.0
36.047718529 2211.0
36.073979095 2192.0
36.100239660 2134.0
36.126500225 2224.0
36.152760791 2223.0
36.179021356 2203.0
36.205281921 2155.0
36.231542487 2188.0
36.257803052 2197.0
36.284063617 2121.0
36.310324183 2137.0
36.336584748 2107.0
36.362845313 2128.0
36.389105879 2194.0
36.415366444 2069.0
36.441627010 2120.0
36.467887575 2120.0
36.494148140 2139.0
36.520408706 2082.0
36.546669271 2070.0
36.572929836 2128.0
36.599190402 2027.0
36.625450967 1973.0
36.651711532 2071.0
36.677972098 2039.0
36.704232663 2078.0
36.730493228 2038.0
36.756753794 1999.0
36.783014359 2026.0
36.809274924 1970.0
36.835535490 2072.0
36.861796055 2010.0
36.888056621 2034.0
36.914317186 1908.0
36.940577751 1920.0
36.966838317 1927.0
36.993098882 1986.0
37.019359447 1998.0
37.045620013 1989.0
37.071880578 1957.0
37.098141143 1895.0
37.124401709 1980.0
37.150662274 1979.0
37.176922839 1922.0
37.203183405 1925.0
37.229443970 1977.0
37.255704535 1990.0
37.281965101 1896.0
37.308225666 1903.0
37.334486232 1833.0
37.360746797 1829.0
37.387007362 1855.0
37.413267928 1894.0
37.439528493 1903.0
37.465789058 1775.0
37.492049624 1950.0
37.518310189 1879.0
37.544570754 1911.0
37.570831320 1868.0
37.597091885 1895.0
37.623352450 1891.0
37.649613016 1804.0
37.675873581 1855.0
37.702134147 1910.0
37.728394712 1846.0
37.754655277 1863.0
37.780915843 1822.0
37.807176408 1866.0
37.833436973 1802.0
37.859697539 1823.0
37.885958104 1777.0
37.912218669 1845.0
37.938479235 1793.0
37.964739800 1764.0
37.991000365 1839.0
38.017260931 1780.0
38.043521496 1793.0
38.069782061 1766.0
38.096042627 1831.0
38.122303192 1790.0
38.148563758 1722.0
38.174824323 1791.0
38.201084888 1760.0
38.227345454 1759.0
38.253606019 1692.0
38.279866584 1700.0
38.306127150 1681.0
38.332387715 1655.0
38.358648280 1747.0
38.384908846 1740.0
38.411169411 1682.0
38.437429976 1709.0
38.463690542 1669.0
38.489951107 1785.0
38.516211673 1762.0
38.542472238 1720.0
38.568732803 1704.0
38.594993369 1687.0
38.621253934 1731.0
38.647514499 1698.0
38.673775065 1648.0
38.700035630 1661.0
38.726296195 1638.0
38.752556761 1616.0
38.778817326 1728.0
38.805077891 1627.0
38.831338457 1619.0
38.857599022 1668.0
38.883859587 1654.0
38.910120153 1691.0
38.936380718 1677.0
38.962641284 1628.0
38.988901849 1669.0
39.015162414 1623.0
39.041422980 1652.0
39.067683545 1571.0
39.093944110 1653.0
39.120204676 1660.0
39.146465241 1618.0
39.172725806 1634.0
39.198986372 1672.0
39.225246937 1576.0
39.251507502 1641.0
39.277768068 1619.0
39.304028633 1670.0
39.330289199 1577.0
39.356549764 1613.0
39.382810329 1609.0
39.409070895 1561.0
39.435331460 1556.0
39.461592025 1573.0
39.487852591 1591.0
39.514113156 1515.0
39.540373721 1569.0
39.566634287 1553.0
39.592894852 1559.0
39.619155417 1636.0
39.645415983 1540.0
39.671676548 1631.0
39.697937113 1554.0
39.724197679 1579.0
39.750458244 1534.0
39.776718810 1511.0
39.802979375 1500.0
39.829239940 1494.0
39.855500506 1579.0
39.881761071 1526.0
39.908021636 1577.0
39.934282202 1511.0
39.960542767 1443.0
39.986803332 1493.0
40.013063898 1447.0
40.039324463 1456.0
40.065585028 1496.0
40.091845594 1496.0
40.118106159 1532.0
40.144366725 1448.0
40.170627290 1539.0
40.196887855 1542.0
40.223148421 1507.0
40.249408986 1405.0
40.275669551 1501.0
40.301930117 1561.0
40.328190682 1511.0
40.354451247 1452.0
40.380711813 1434.0
40.406972378 1449.0
40.433232943 1418.0
40.459493509 1470.0
40.485754074 1405.0
40.512014639 1388.0
40.538275205 1408.0
40.564535770 1364.0
40.590796336 1401.0
40.617056901 1445.0
40.643317466 1431.0
40.669578032 1513.0
40.695838597 1358.0
40.722099162 1418.0
40.748359728 1431.0
40.774620293 1458.0
40.800880858 1416.0
40.827141424 1432.0
40.853401989 1433.0
40.879662554 1460.0
40.905923120 1433.0
40.932183685 1428.0
40.958444251 1418.0
40.984704816 1393.0
41.010965381 1354.0
41.037225947 1362.0
41.063486512 1482.0
41.089747077 1347.0
41.116007643 1418.0
41.142268208 1330.0
41.168528773 1393.0
41.194789339 1358.0
41.221049904 1386.0
41.247310469 1416.0
41.273571035 1402.0
41.299831600 1378.0
41.326092165 1408.0
41.352352731 1396.0
41.378613296 1381.0
41.404873862 1303.0
41.431134427 1316.0
41.457394992 1340.0
41.483655558 1342.0
41.509916123 1371.0
41.536176688 1373.0
41.562437254 1304.0
41.588697819 1324.0
41.614958384 1361.0
41.641218950 1354.0
41.667479515 1421.0
41.693740080 1259.0
41.720000646 1296.0
41.746261211 1323.0
41.772521776 1331.0
41.798782342 1358.0
41.825042907 1337.0
41.851303473 1349.0
41.877564038 1270.0
41.903824603 1296.0
41.930085169 1290.0
41.956345734 1258.0
41.982606299 1374.0
42.008866865 1387.0
42.035127430 1281.0
42.061387995 1344.0
42.087648561 1300.0
42.113909126 1291.0
42.140169691 1298.0
42.166430257 1293.0
42.192690822 1312.0
42.218951388 1312.0
42.245211953 1330.0
42.271472518 1301.0
42.297733084 1258.0
42.323993649 1337.0
42.350254214 1384.0
42.376514780 1303.0
42.402775345 1283.0
42.429035910 1362.0
42.455296476 1271.0
42.481557041 1312.0
42.507817606 1317.0
42.534078172 1277.0
42.560338737 1260.0
42.586599302 1301.0
42.612859868 1249.0
42.639120433 1284.0
42.665380999 1324.0
42.691641564 1254.0
42.717902129 1331.0
42.744162695 1310.0
42.770423260 1320.0
42.796683825 1303.0
42.822944391 1219.0
42.849204956 1290.0
42.875465521 1256.0
42.901726087 1296.0
42.927986652 1266.0
42.954247217 1235.0
42.980507783 1306.0
43.006768348 1265.0
43.033028914 1193.0
43.059289479 1285.0
43.085550044 1271.0
43.111810610 1281.0
43.138071175 1267.0
43.164331740 1274.0
43.190592306 1208.0
43.216852871 1272.0
43.243113436 1251.0
43.269374002 1247.0
43.295634567 1237.0
43.321895132 1244.0
43.348155698 1203.0
43.374416263 1203.0
43.400676828 1310.0
43.426937394 1243.0
43.453197959 1264.0
43.479458525 1246.0
43.505719090 1214.0
43.531979655 1203.0
43.558240221 1237.0
43.584500786 1269.0
43.610761351 1245.0
43.637021917 1285.0
43.663282482 1274.0
43.689543047 1224.0
43.715803613 1188.0
43.742064178 1239.0
43.768324743 1266.0
43.794585309 1240.0
43.820845874 1250.0
43.847106440 1153.0
43.873367005 1228.0
43.899627570 1286.0
43.925888136 1232.0
43.952148701 1240.0
43.978409266 1223.0
44.004669832 1241.0
44.030930397 1219.0
44.057190962 1271.0
44.083451528 1198.0
44.109712093 1157.0
44.135972658 1162.0
44.162233224 1225.0
44.188493789 1300.0
44.214754354 1258.0
44.241014920 1238.0
44.267275485 1231.0
44.293536051 1179.0
44.319796616 1227.0
44.346057181 1165.0
44.372317747 1168.0
44.398578312 1140.0
44.424838877 1246.0
44.451099443 1183.0
44.477360008 1185.0
44.503620573 1230.0
44.529881139 1240.0
44.556141704 1181.0
44.582402269 1185.0
44.608662835 1202.0
44.634923400 1248.0
44.661183966 1161.0
44.687444531 1267.0
44.713705096 1219.0
44.739965662 1206.0
44.766226227 1219.0
44.792486792 1250.0
44.818747358 1212.0
44.845007923 1186.0
44.871268488 1227.0
44.897529054 1199.0
44.923789619 1169.0
44.950050184 1214.0
44.976310750 1196.0
45.002571315 1207.0
45.028831880 1182.0
45.055092446 1208.0
45.081353011 1161.0
45.107613577 1209.0
45.133874142 1261.0
45.160134707 1233.0
45.186395273 1185.0
45.212655838 1188.0
45.238916403 1193.0
45.265176969 1152.0
45.291437534 1163.0
45.317698099 1099.0
45.343958665 1202.0
45.370219230 1198.0
45.396479795 1206.0
45.422740361 1170.0
45.449000926 1148.0
45.475261492 1178.0
45.501522057 1138.0
45.527782622 1182.0
45.554043188 1130.0
45.580303753 1094.0
45.606564318 1210.0
45.632824884 1096.0
45.659085449 1100.0
45.685346014 1234.0
45.711606580 1174.0
45.737867145 1166.0
45.764127710 1154.0
45.790388276 1177.0
45.816648841 1151.0
45.842909406 1141.0
45.869169972 1193.0
45.895430537 1139.0
45.921691103 1173.0
45.947951668 1181.0
45.974212233 1123.0
46.000472799 1118.0
46.026733364 1130.0
46.052993929 1173.0
46.079254495 1103.0
46.105515060 1098.0
46.131775625 1159.0
46.158036191 1128.0
46.184296756 1141.0
46.210557321 1105.0
46.236817887 1100.0
46.263078452 1113.0
46.289339017 1122.0
46.315599583 1102.0
46.341860148 1131.0
46.368120714 1127.0
46.394381279 1138.0
46.420641844 1102.0
46.446902410 1056.0
46.473162975 1018.0
46.499423540 1182.0
46.525684106 1068.0
46.551944671 1154.0
46.578205236 1082.0
46.604465802 1114.0
46.630726367 1123.0
46.656986932 1104.0
46.683247498 1073.0
46.709508063 1076.0
46.735768629 1132.0
46.762029194 1081.0
46.788289759 1115.0
46.814550325 1145.0
46.840810890 1080.0
46.867071455 1093.0
46.893332021 1051.0
46.919592586 1047.0
46.945853151 1037.0
46.972113717 1040.0
46.998374282 1046.0
47.024634847 1098.0
47.050895413 1055.0
47.077155978 1058.0
47.103416543 1045.0
47.129677109 1111.0
47.155937674 1069.0
47.182198240 1058.0
47.208458805 1070.0
47.234719370 1086.0
47.260979936 1101.0
47.287240501 1082.0
47.313501066 1025.0
47.339761632 964.0
47.366022197 1031.0
47.392282762 1062.0
47.418543328 1059.0
47.444803893 1077.0
47.471064458 1024.0
47.497325024 1053.0
47.523585589 1023.0
47.549846155 1040.0
47.576106720 1017.0
47.602367285 1009.0
47.628627851 1003.0
47.654888416 1027.0
47.681148981 1046.0
47.707409547 1049.0
47.733670112 1014.0
47.759930677 974.0
47.786191243 1002.0
47.812451808 978.0
47.838712373 1012.0
47.864972939 982.0
47.891233504 1003.0
47.917494069 982.0
47.943754635 1018.0
47.970015200 970.0
47.996275766 982.0
48.022536331 939.0
48.048796896 1003.0
48.075057462 948.0
48.101318027 990.0
48.127578592 1006.0
48.153839158 987.0
48.180099723 992.0
48.206360288 1020.0
48.232620854 993.0
48.258881419 947.0
48.285141984 886.0
48.311402550 1028.0
48.337663115 913.0
48.363923681 985.0
48.390184246 1018.0
48.416444811 993.0
48.442705377 946.0
48.468965942 988.0
48.495226507 967.0
48.521487073 1018.0
48.547747638 1005.0
48.574008203 963.0
48.600268769 960.0
48.626529334 989.0
48.652789899 951.0
48.679050465 930.0
48.705311030 876.0
48.731571595 953.0
48.757832161 943.0
48.784092726 908.0
48.810353292 925.0
48.836613857 924.0
48.862874422 882.0
48.889134988 933.0
48.915395553 943.0
48.941656118 913.0
48.967916684 884.0
48.994177249 896.0
49.020437814 907.0
49.046698380 919.0
49.072958945 948.0
49.099219510 890.0
49.125480076 889.0
49.151740641 895.0
49.178001207 848.0
49.204261772 972.0
49.230522337 893.0
49.256782903 921.0
49.283043468 942.0
49.309304033 924.0
49.335564599 907.0
49.361825164 921.0
49.388085729 864.0
49.414346295 891.0
49.440606860 885.0
49.466867425 869.0
49.493127991 879.0
49.519388556 915.0
49.545649121 885.0
49.571909687 901.0
49.598170252 894.0
49.624430818 880.0
49.650691383 840.0
49.676951948 857.0
49.703212514 879.0
49.729473079 838.0
49.755733644 845.0
49.781994210 905.0
49.808254775 858.0
49.834515340 813.0
49.860775906 906.0
49.887036471 829.0
49.913297036 867.0
49.939557602 844.0
49.965818167 799.0
49.992078733 848.0
50.018339298 854.0
50.044599863 841.0
50.070860429 816.0
50.097120994 868.0
50.123381559 850.0
50.149642125 891.0
50.175902690 848.0
50.202163255 800.0
50.228423821 882.0
50.254684386 849.0
50.280944951 806.0
50.307205517 861.0
50.333466082 846.0
50.359726647 817.0
50.385987213 811.0
50.412247778 876.0
50.438508344 844.0
50.464768909 826.0
50.491029474 821.0
50.517290040 833.0
50.543550605 815.0
50.569811170 855.0
50.596071736 812.0
50.622332301 783.0
50.648592866 844.0
50.674853432 803.0
50.701113997 839.0
50.727374562 823.0
50.753635128 805.0
50.779895693 806.0
50.806156258 835.0
50.832416824 813.0
50.858677389 759.0
50.884937955 810.0
50.911198520 783.0
50.937459085 855.0
50.963719651 811.0
50.989980216 774.0
51.016240781 815.0
51.042501347 838.0
51.068761912 818.0
51.095022477 833.0
51.121283043 839.0
51.147543608 767.0
51.173804173 767.0
51.200064739 768.0
51.226325304 793.0
51.252585870 799.0
51.278846435 840.0
51.305107000 799.0
51.331367566 795.0
51.357628131 757.0
51.383888696 823.0
51.410149262 780.0
51.436409827 745.0
51.462670392 753.0
51.488930958 741.0
51.515191523 762.0
51.541452088 747.0
51.567712654 816.0
51.593973219 762.0
51.620233784 700.0
51.646494350 785.0
51.672754915 831.0
51.699015481 776.0
51.725276046 719.0
51.751536611 827.0
51.777797177 770.0
51.804057742 727.0
51.830318307 782.0
51.856578873 765.0
51.882839438 766.0
51.909100003 747.0
51.935360569 749.0
51.961621134 745.0
51.987881699 769.0
52.014142265 733.0
52.040402830 743.0
52.066663396 713.0
52.092923961 759.0
52.119184526 780.0
52.145445092 785.0
52.171705657 748.0
52.197966222 710.0
52.224226788 751.0
52.250487353 768.0
52.276747918 743.0
52.303008484 745.0
52.329269049 717.0
52.355529614 761.0
52.381790180 761.0
52.408050745 746.0
52.434311310 707.0
52.460571876 757.0
52.486832441 736.0
52.513093007 790.0
52.539353572 756.0
52.565614137 743.0
52.591874703 730.0
52.618135268 708.0
52.644395833 765.0
52.670656399 765.0
52.696916964 710.0
52.723177529 718.0
52.749438095 724.0
52.775698660 728.0
52.801959225 731.0
52.828219791 723.0
52.854480356 702.0
52.880740922 725.0
52.907001487 758.0
52.933262052 683.0
52.959522618 720.0
52.985783183 689.0
53.012043748 736.0
53.038304314 712.0
53.064564879 727.0
53.090825444 744.0
53.117086010 733.0
53.143346575 766.0
53.169607140 711.0
53.195867706 685.0
53.222128271 688.0
53.248388836 690.0
53.274649402 712.0
53.300909967 776.0
53.327170533 683.0
53.353431098 679.0
53.379691663 690.0
53.405952229 710.0
53.432212794 744.0
53.458473359 714.0
53.484733925 725.0
53.510994490 664.0
53.537255055 722.0
53.563515621 663.0
53.589776186 689.0
53.616036751 725.0
53.642297317 715.0
53.668557882 678.0
53.694818448 733.0
53.721079013 642.0
53.747339578 649.0
53.773600144 650.0
53.799860709 670.0
53.826121274 739.0
53.852381840 686.0
53.878642405 697.0
53.904902970 699.0
53.931163536 650.0
53.957424101 691.0
53.983684666 679.0
54.009945232 647.0
54.036205797 652.0
54.062466362 720.0
54.088726928 644.0
54.114987493 720.0
54.141248059 644.0
54.167508624 663.0
54.193769189 655.0
54.220029755 696.0
54.246290320 675.0
54.272550885 700.0
54.298811451 708.0
54.325072016 672.0
54.351332581 668.0
54.377593147 664.0
54.403853712 670.0
54.430114277 665.0
54.456374843 659.0
54.482635408 670.0
54.508895973 662.0
54.535156539 663.0
54.561417104 653.0
54.587677670 661.0
54.613938235 644.0
54.640198800 639.0
54.666459366 673.0
54.692719931 632.0
54.718980496 629.0
54.745241062 727.0
54.771501627 661.0
54.797762192 678.0
54.824022758 662.0
54.850283323 676.0
54.876543888 697.0
54.902804454 654.0
54.929065019 663.0
54.955325585 627.0
54.981586150 607.0
55.007846715 658.0
55.034107281 573.0
55.060367846 643.0
55.086628411 666.0
55.112888977 690.0
55.139149542 666.0
55.165410107 663.0
55.191670673 637.0
55.217931238 650.0
55.244191803 651.0
55.270452369 649.0
55.296712934 629.0
55.322973499 644.0
55.349234065 613.0
55.375494630 656.0
55.401755196 655.0
55.428015761 648.0
55.454276326 640.0
55.480536892 603.0
55.506797457 659.0
55.533058022 644.0
55.559318588 701.0
55.585579153 652.0
55.611839718 674.0
55.638100284 574.0
55.664360849 639.0
55.690621414 691.0
55.716881980 654.0
55.743142545 600.0
55.769403111 610.0
55.795663676 645.0
55.821924241 608.0
55.848184807 618.0
55.874445372 650.0
55.900705937 658.0
55.926966503 654.0
55.953227068 625.0
55.979487633 568.0
56.005748199 614.0
56.032008764 630.0
56.058269329 579.0
56.084529895 597.0
56.110790460 677.0
56.137051025 636.0
56.163311591 659.0
56.189572156 641.0
56.215832722 649.0
56.242093287 636.0
56.268353852 658.0
56.294614418 595.0
56.320874983 633.0
56.347135548 594.0
56.373396114 650.0
56.399656679 665.0
56.425917244 624.0
56.452177810 678.0
56.478438375 640.0
56.504698940 617.0
56.530959506 676.0
56.557220071 617.0
56.583480637 617.0
56.609741202 619.0
56.636001767 669.0
56.662262333 618.0
56.688522898 604.0
56.714783463 631.0
56.741044029 624.0
56.767304594 629.0
56.793565159 603.0
56.819825725 675.0
56.846086290 599.0
56.872346855 624.0
56.898607421 645.0
56.924867986 621.0
56.951128551 648.0
56.977389117 615.0
57.003649682 649.0
57.029910248 578.0
57.056170813 611.0
57.082431378 681.0
57.108691944 643.0
57.134952509 625.0
57.161213074 647.0
57.187473640 620.0
57.213734205 604.0
57.239994770 595.0
57.266255336 624.0
57.292515901 646.0
57.318776466 584.0
57.345037032 586.0
57.371297597 612.0
57.397558163 616.0
57.423818728 637.0
57.450079293 601.0
57.476339859 678.0
57.502600424 630.0
57.528860989 583.0
57.555121555 621.0
57.581382120 626.0
57.607642685 576.0
57.633903251 620.0
57.660163816 661.0
57.686424381 599.0
57.712684947 611.0
57.738945512 650.0
57.765206077 672.0
57.791466643 649.0
57.817727208 640.0
57.843987774 621.0
57.870248339 615.0
57.896508904 672.0
57.922769470 660.0
57.949030035 584.0
57.975290600 689.0
58.001551166 647.0
58.027811731 641.0
58.054072296 637.0
58.080332862 649.0
58.106593427 648.0
58.132853992 630.0
58.159114558 629.0
58.185375123 641.0
58.211635689 633.0
58.237896254 644.0
58.264156819 660.0
58.290417385 668.0
58.316677950 649.0
58.342938515 645.0
58.369199081 646.0
58.395459646 634.0
58.421720211 623.0
58.447980777 677.0
58.474241342 659.0
58.500501907 665.0
58.526762473 752.0
58.553023038 676.0
58.579283603 673.0
58.605544169 667.0
58.631804734 632.0
58.658065300 674.0
58.684325865 727.0
58.710586430 687.0
58.736846996 668.0
58.763107561 652.0
58.789368126 696.0
58.815628692 690.0
58.841889257 702.0
58.868149822 683.0
58.894410388 689.0
58.920670953 715.0
58.946931518 694.0
58.973192084 710.0
58.999452649 688.0
59.025713214 710.0
59.051973780 726.0
59.078234345 773.0
59.104494911 758.0
59.130755476 714.0
59.157016041 734.0
59.183276607 775.0
59.209537172 768.0
59.235797737 795.0
59.262058303 774.0
59.288318868 738.0
59.314579433 760.0
59.340839999 821.0
59.367100564 739.0
59.393361129 783.0
59.419621695 832.0
59.445882260 821.0
59.472142826 802.0
59.498403391 864.0
59.524663956 824.0
59.550924522 872.0
59.577185087 834.0
59.603445652 834.0
59.629706218 881.0
59.655966783 907.0
59.682227348 951.0
59.708487914 861.0
59.734748479 932.0
59.761009044 958.0
59.787269610 924.0
59.813530175 893.0
59.839790740 995.0
59.866051306 977.0
59.892311871 918.0
59.918572437 1030.0
59.944833002 1026.0
59.971093567 1065.0
59.997354133 1037.0
60.023614698 1056.0
60.049875263 1115.0
60.076135829 1119.0
60.102396394 1082.0
60.128656959 1147.0
60.154917525 1111.0
60.181178090 1170.0
60.207438655 1173.0
60.233699221 1275.0
60.259959786 1267.0
60.286220352 1304.0
60.312480917 1318.0
60.338741482 1349.0
60.365002048 1274.0
60.391262613 1487.0
60.417523178 1375.0
60.443783744 1417.0
60.470044309 1508.0
60.496304874 1423.0
60.522565440 1434.0
60.548826005 1494.0
60.575086570 1540.0
60.601347136 1533.0
60.627607701 1654.0
60.653868266 1528.0
60.680128832 1596.0
60.706389397 1682.0
60.732649963 1642.0
60.758910528 1573.0
60.785171093 1669.0
60.811431659 1613.0
60.837692224 1662.0
60.863952789 1627.0
60.890213355 1666.0
60.916473920 1711.0
60.942734485 1672.0
60.968995051 1670.0
60.995255616 1671.0
61.021516181 1668.0
61.047776747 1661.0
61.074037312 1647.0
61.100297878 1703.0
61.126558443 1634.0
61.152819008 1576.0
61.179079574 1667.0
61.205340139 1666.0
61.231600704 1642.0
61.257861270 1620.0
61.284121835 1661.0
61.310382400 1643.0
61.336642966 1631.0
61.362903531 1604.0
61.389164096 1519.0
61.415424662 1567.0
61.441685227 1563.0
61.467945792 1536.0
61.494206358 1482.0
61.520466923 1452.0
61.546727489 1469.0
61.572988054 1486.0
61.599248619 1473.0
61.625509185 1377.0
61.651769750 1404.0
61.678030315 1376.0
61.704290881 1404.0
61.730551446 1340.0
61.756812011 1351.0
61.783072577 1355.0
61.809333142 1299.0
61.835593707 1298.0
61.861854273 1269.0
61.888114838 1239.0
61.914375404 1251.0
61.940635969 1226.0
61.966896534 1178.0
61.993157100 1207.0
62.019417665 1283.0
62.045678230 1223.0
62.071938796 1150.0
62.098199361 1107.0
62.124459926 1112.0
62.150720492 1138.0
62.176981057 1052.0
62.203241622 1073.0
62.229502188 1110.0
62.255762753 1109.0
62.282023318 1020.0
62.308283884 1041.0
62.334544449 1046.0
62.360805015 1035.0
62.387065580 1002.0
62.413326145 1012.0
62.439586711 938.0
62.465847276 953.0
62.492107841 987.0
62.518368407 962.0
62.544628972 926.0
62.570889537 922.0
62.597150103 951.0
62.623410668 971.0
62.649671233 938.0
62.675931799 940.0
62.702192364 946.0
62.728452930 914.0
62.754713495 908.0
62.780974060 904.0
62.807234626 866.0
62.833495191 872.0
62.859755756 904.0
62.886016322 872.0
62.912276887 853.0
62.938537452 787.0
62.964798018 806.0
62.991058583 885.0
63.017319148 789.0
63.043579714 825.0
63.069840279 782.0
63.096100844 758.0
63.122361410 802.0
63.148621975 775.0
63.174882541 765.0
63.201143106 788.0
63.227403671 783.0
63.253664237 742.0
63.279924802 758.0
63.306185367 773.0
63.332445933 801.0
63.358706498 781.0
63.384967063 728.0
63.411227629 749.0
63.437488194 720.0
63.463748759 752.0
63.490009325 739.0
63.516269890 692.0
63.542530455 729.0
63.568791021 704.0
63.595051586 694.0
63.621312152 723.0
63.647572717 731.0
63.673833282 684.0
63.700093848 700.0
63.726354413 646.0
63.752614978 690.0
63.778875544 672.0
63.805136109 708.0
63.831396674 693.0
63.857657240 686.0
63.883917805 681.0
63.910178370 656.0
63.936438936 692.0
63.962699501 653.0
63.988960067 688.0
64.015220632 649.0
64.041481197 640.0
64.067741763 647.0
64.094002328 636.0
64.120262893 656.0
64.146523459 681.0
64.172784024 647.0
64.199044589 660.0
64.225305155 650.0
64.251565720 608.0
64.277826285 639.0
64.304086851 627.0
64.330347416 636.0
64.356607981 601.0
64.382868547 564.0
64.409129112 559.0
64.435389678 624.0
64.461650243 627.0
64.487910808 651.0
64.514171374 574.0
64.540431939 582.0
64.566692504 644.0
64.592953070 628.0
64.619213635 584.0
64.645474200 609.0
64.671734766 597.0
64.697995331 543.0
64.724255896 564.0
64.750516462 582.0
64.776777027 617.0
64.803037593 558.0
64.829298158 596.0
64.855558723 584.0
64.881819289 587.0
64.908079854 553.0
64.934340419 562.0
64.960600985 543.0
64.986861550 575.0
