5.007730280 5314.0
5.033990845 5197.0
5.060251411 5239.0
5.086511976 5112.0
5.112772541 5149.0
5.139033107 5078.0
5.165293672 5082.0
5.191554237 4983.0
5.217814803 5051.0
5.244075368 4925.0
5.270335934 4892.0
5.296596499 4961.0
5.322857064 4775.0
5.349117630 4895.0
5.375378195 4737.0
5.401638760 4670.0
5.427899326 4838.0
5.454159891 4710.0
5.480420456 4613.0
5.506681022 4499.0
5.532941587 4539.0
5.559202152 4425.0
5.585462718 4409.0
5.611723283 4491.0
5.637983849 4520.0
5.664244414 4529.0
5.690504979 4429.0
5.716765545 4508.0
5.743026110 4265.0
5.769286675 4429.0
5.795547241 4320.0
5.821807806 4253.0
5.848068371 4311.0
5.874328937 4354.0
5.900589502 4188.0
5.926850067 4286.0
5.953110633 4222.0
5.979371198 4111.0
6.005631763 4175.0
6.031892329 4140.0
6.058152894 4286.0
6.084413460 4203.0
6.110674025 4135.0
6.136934590 4207.0
6.163195156 3955.0
6.189455721 4248.0
6.215716286 4015.0
6.241976852 4035.0
6.268237417 4038.0
6.294497982 4029.0
6.320758548 3931.0
6.347019113 3952.0
6.373279678 3901.0
6.399540244 3995.0
6.425800809 4014.0
6.452061375 3949.0
6.478321940 3876.0
6.504582505 4099.0
6.530843071 4037.0
6.557103636 3926.0
6.583364201 3950.0
6.609624767 3834.0
6.635885332 3883.0
6.662145897 3888.0
6.688406463 3814.0
6.714667028 4015.0
6.740927593 3874.0
6.767188159 3875.0
6.793448724 3906.0
6.819709289 3741.0
6.845969855 3781.0
6.872230420 3907.0
6.898490986 3942.0
6.924751551 3754.0
6.951012116 3881.0
6.977272682 3862.0
7.003533247 3839.0
7.029793812 3711.0
7.056054378 3810.0
7.082314943 3851.0
7.108575508 3806.0
7.134836074 3828.0
7.161096639 3688.0
7.187357204 3665.0
7.213617770 3766.0
7.239878335 3763.0
7.266138900 3819.0
7.292399466 3843.0
7.318660031 3816.0
7.344920597 3724.0
7.371181162 3824.0
7.397441727 3748.0
7.423702293 3759.0
7.449962858 3768.0
7.476223423 3915.0
7.502483989 3718.0
7.528744554 3806.0
7.555005119 3766.0
7.581265685 3740.0
7.607526250 3823.0
7.633786815 3900.0
7.660047381 3845.0
7.686307946 3901.0
7.712568512 3787.0
7.738829077 3892.0
7.765089642 3974.0
7.791350208 3904.0
7.817610773 3928.0
7.843871338 3897.0
7.870131904 3985.0
7.896392469 3975.0
7.922653034 4007.0
7.948913600 4054.0
7.975174165 4052.0
8.001434730 4064.0
8.027695296 4051.0
8.053955861 4069.0
8.080216426 4123.0
8.106476992 4172.0
8.132737557 4142.0
8.158998123 4183.0
8.185258688 4191.0
8.211519253 4284.0
8.237779819 4264.0
8.264040384 4381.0
8.290300949 4219.0
8.316561515 4317.0
8.342822080 4456.0
8.369082645 4385.0
8.395343211 4612.0
8.421603776 4633.0
8.447864341 4676.0
8.474124907 4555.0
8.500385472 4652.0
8.526646038 4578.0
8.552906603 4722.0
8.579167168 4532.0
8.605427734 4634.0
8.631688299 4387.0
8.657948864 4532.0
8.684209430 4366.0
8.710469995 4223.0
8.736730560 4220.0
8.762991126 4130.0
8.789251691 4074.0
8.815512256 4043.0
8.841772822 4165.0
8.868033387 4054.0
8.894293952 4028.0
8.920554518 3915.0
8.946815083 3952.0
8.973075649 3905.0
8.999336214 4073.0
9.025596779 3893.0
9.051857345 3883.0
9.078117910 3922.0
9.104378475 3813.0
9.130639041 3915.0
9.156899606 3874.0
9.183160171 4009.0
9.209420737 3847.0
9.235681302 3821.0
9.261941867 3750.0
9.288202433 3840.0
9.314462998 3734.0
9.340723564 3846.0
9.366984129 3817.0
9.393244694 3864.0
9.419505260 3825.0
9.445765825 3763.0
9.472026390 3949.0
9.498286956 3799.0
9.524547521 3854.0
9.550808086 3928.0
9.577068652 3959.0
9.603329217 3933.0
9.629589782 4028.0
9.655850348 3948.0
9.682110913 3948.0
9.708371478 3995.0
9.734632044 4167.0
9.760892609 4060.0
9.787153175 4060.0
9.813413740 4149.0
9.839674305 4218.0
9.865934871 4094.0
9.892195436 4250.0
9.918456001 4287.0
9.944716567 4127.0
9.970977132 4272.0
9.997237697 4275.0
10.023498263 4415.0
10.049758828 4371.0
10.076019393 4505.0
10.102279959 4406.0
10.128540524 4291.0
10.154801090 4361.0
10.181061655 4265.0
10.207322220 4402.0
10.233582786 4233.0
10.259843351 4367.0
10.286103916 4086.0
10.312364482 4105.0
10.338625047 4103.0
10.364885612 4063.0
10.391146178 3886.0
10.417406743 3855.0
10.443667308 3802.0
10.469927874 3884.0
10.496188439 3800.0
10.522449004 3664.0
10.548709570 3643.0
10.574970135 3678.0
10.601230701 3726.0
10.627491266 3582.0
10.653751831 3574.0
10.680012397 3576.0
10.706272962 3479.0
10.732533527 3646.0
10.758794093 3563.0
10.785054658 3494.0
10.811315223 3374.0
10.837575789 3508.0
10.863836354 3427.0
10.890096919 3424.0
10.916357485 3420.0
10.942618050 3479.0
10.968878616 3314.0
10.995139181 3472.0
11.021399746 3314.0
11.047660312 3258.0
11.073920877 3277.0
11.100181442 3397.0
11.126442008 3298.0
11.152702573 3344.0
11.178963138 3316.0
11.205223704 3300.0
11.231484269 3299.0
11.257744834 3320.0
11.284005400 3311.0
11.310265965 3292.0
11.336526530 3224.0
11.362787096 3207.0
11.389047661 3366.0
11.415308227 3227.0
11.441568792 3212.0
11.467829357 3280.0
11.494089923 3277.0
11.520350488 3172.0
11.546611053 3269.0
11.572871619 3290.0
11.599132184 3228.0
11.625392749 3202.0
11.651653315 3111.0
11.677913880 3131.0
11.704174445 3170.0
11.730435011 3190.0
11.756695576 3182.0
11.782956141 3174.0
11.809216707 3184.0
11.835477272 2980.0
11.861737838 3128.0
11.887998403 3106.0
11.914258968 3177.0
11.940519534 3032.0
11.966780099 2980.0
11.993040664 3035.0
12.019301230 3046.0
12.045561795 2996.0
12.071822360 2964.0
12.098082926 2929.0
12.124343491 3011.0
12.150604056 2950.0
12.176864622 2990.0
12.203125187 2877.0
12.229385753 2931.0
12.255646318 2860.0
12.281906883 2951.0
12.308167449 2982.0
12.334428014 2799.0
12.360688579 2844.0
12.386949145 2860.0
12.413209710 2863.0
12.439470275 2811.0
12.465730841 2798.0
12.491991406 2809.0
12.518251971 2753.0
12.544512537 2838.0
12.570773102 2793.0
12.597033667 2779.0
12.623294233 2836.0
12.649554798 2711.0
12.675815364 2717.0
12.702075929 2736.0
12.728336494 2752.0
12.754597060 2789.0
12.780857625 2825.0
12.807118190 2792.0
12.833378756 2795.0
12.859639321 2627.0
12.885899886 2629.0
12.912160452 2687.0
12.938421017 2691.0
12.964681582 2720.0
12.990942148 2677.0
13.017202713 2730.0
13.043463279 2619.0
13.069723844 2625.0
13.095984409 2607.0
13.122244975 2637.0
13.148505540 2536.0
13.174766105 2585.0
13.201026671 2684.0
13.227287236 2570.0
13.253547801 2608.0
13.279808367 2523.0
13.306068932 2581.0
13.332329497 2496.0
13.358590063 2550.0
13.384850628 2565.0
13.411111193 2482.0
13.437371759 2532.0
13.463632324 2536.0
13.489892890 2441.0
13.516153455 2514.0
13.542414020 2506.0
13.568674586 2502.0
13.594935151 2389.0
13.621195716 2423.0
13.647456282 2391.0
13.673716847 2498.0
13.699977412 2491.0
13.726237978 2463.0
13.752498543 2355.0
13.778759108 2414.0
13.805019674 2450.0
13.831280239 2378.0
13.857540805 2380.0
13.883801370 2332.0
13.910061935 2416.0
13.936322501 2428.0
13.962583066 2355.0
13.988843631 2344.0
14.015104197 2333.0
14.041364762 2284.0
14.067625327 2282.0
14.093885893 2321.0
14.120146458 2233.0
14.146407023 2376.0
14.172667589 2301.0
14.198928154 2251.0
14.225188719 2303.0
14.251449285 2206.0
14.277709850 2198.0
14.303970416 2206.0
14.330230981 2231.0
14.356491546 2182.0
14.382752112 2143.0
14.409012677 2128.0
14.435273242 2186.0
14.461533808 2111.0
14.487794373 2219.0
14.514054938 2254.0
14.540315504 2254.0
14.566576069 2165.0
14.592836634 2157.0
14.619097200 2164.0
14.645357765 2178.0
14.671618331 2016.0
14.697878896 2136.0
14.724139461 2114.0
14.750400027 2102.0
14.776660592 2110.0
14.802921157 2184.0
14.829181723 2083.0
14.855442288 2124.0
14.881702853 1983.0
14.907963419 2127.0
14.934223984 2178.0
14.960484549 2087.0
14.986745115 2120.0
15.013005680 2073.0
15.039266245 2043.0
15.065526811 2005.0
15.091787376 2042.0
15.118047942 2044.0
15.144308507 2088.0
15.170569072 2016.0
15.196829638 2083.0
15.223090203 2023.0
15.249350768 2070.0
15.275611334 2061.0
15.301871899 2027.0
15.328132464 2033.0
15.354393030 1979.0
15.380653595 1962.0
15.406914160 1919.0
15.433174726 2020.0
15.459435291 1986.0
15.485695857 1968.0
15.511956422 2019.0
15.538216987 1946.0
15.564477553 1945.0
15.590738118 1976.0
15.616998683 2039.0
15.643259249 1821.0
15.669519814 1953.0
15.695780379 1835.0
15.722040945 1919.0
15.748301510 1960.0
15.774562075 1995.0
15.800822641 1899.0
15.827083206 1964.0
15.853343771 1892.0
15.879604337 1822.0
15.905864902 1881.0
15.932125468 1939.0
15.958386033 1954.0
15.984646598 1872.0
16.010907164 1856.0
16.037167729 1943.0
16.063428294 1890.0
16.089688860 1849.0
16.115949425 1898.0
16.142209990 1900.0
16.168470556 1926.0
16.194731121 1865.0
16.220991686 1856.0
16.247252252 1891.0
16.273512817 1976.0
16.299773382 1871.0
16.326033948 1855.0
16.352294513 1936.0
16.378555079 1919.0
16.404815644 1846.0
16.431076209 1842.0
16.457336775 1929.0
16.483597340 1845.0
16.509857905 1883.0
16.536118471 1796.0
16.562379036 1903.0
16.588639601 1780.0
16.614900167 1809.0
16.641160732 1869.0
16.667421297 1816.0
16.693681863 1781.0
16.719942428 1817.0
16.746202994 1774.0
16.772463559 1790.0
16.798724124 1821.0
16.824984690 1830.0
16.851245255 1778.0
16.877505820 1817.0
16.903766386 1788.0
16.930026951 1758.0
16.956287516 1755.0
16.982548082 1779.0
17.008808647 1897.0
17.035069212 1757.0
17.061329778 1839.0
17.087590343 1770.0
17.113850908 1903.0
17.140111474 1776.0
17.166372039 1772.0
17.192632605 1757.0
17.218893170 1858.0
17.245153735 1764.0
17.271414301 1815.0
17.297674866 1831.0
17.323935431 1852.0
17.350195997 1839.0
17.376456562 1907.0
17.402717127 1834.0
17.428977693 1923.0
17.455238258 1924.0
17.481498823 1951.0
17.507759389 1870.0
17.534019954 1900.0
17.560280520 1913.0
17.586541085 1888.0
17.612801650 1915.0
17.639062216 1920.0
17.665322781 1904.0
17.691583346 1833.0
17.717843912 1831.0
17.744104477 1807.0
17.770365042 1796.0
17.796625608 1945.0
17.822886173 1753.0
17.849146738 1794.0
17.875407304 1867.0
17.901667869 1799.0
17.927928434 1815.0
17.954189000 1833.0
17.980449565 1828.0
18.006710131 1759.0
18.032970696 1812.0
18.059231261 1774.0
18.085491827 1783.0
18.111752392 1753.0
18.138012957 1785.0
18.164273523 1795.0
18.190534088 1695.0
18.216794653 1741.0
18.243055219 1696.0
18.269315784 1765.0
18.295576349 1693.0
18.321836915 1729.0
18.348097480 1773.0
18.374358046 1776.0
18.400618611 1728.0
18.426879176 1763.0
18.453139742 1687.0
18.479400307 1742.0
18.505660872 1748.0
18.531921438 1641.0
18.558182003 1627.0
18.584442568 1758.0
18.610703134 1750.0
18.636963699 1714.0
18.663224264 1729.0
18.689484830 1712.0
18.715745395 1690.0
18.742005960 1731.0
18.768266526 1691.0
18.794527091 1677.0
18.820787657 1645.0
18.847048222 1615.0
18.873308787 1677.0
18.899569353 1706.0
18.925829918 1644.0
18.952090483 1680.0
18.978351049 1672.0
19.004611614 1784.0
19.030872179 1694.0
19.057132745 1666.0
19.083393310 1703.0
19.109653875 1704.0
19.135914441 1726.0
19.162175006 1743.0
19.188435572 1687.0
19.214696137 1677.0
19.240956702 1676.0
19.267217268 1743.0
19.293477833 1587.0
19.319738398 1636.0
19.345998964 1664.0
19.372259529 1624.0
19.398520094 1619.0
19.424780660 1747.0
19.451041225 1657.0
19.477301790 1682.0
19.503562356 1647.0
19.529822921 1706.0
19.556083486 1677.0
19.582344052 1631.0
19.608604617 1728.0
19.634865183 1726.0
19.661125748 1703.0
19.687386313 1636.0
19.713646879 1724.0
19.739907444 1664.0
19.766168009 1702.0
19.792428575 1676.0
19.818689140 1599.0
19.844949705 1726.0
19.871210271 1610.0
19.897470836 1748.0
19.923731401 1708.0
19.949991967 1686.0
19.976252532 1636.0
20.002513098 1625.0
20.028773663 1669.0
20.055034228 1640.0
20.081294794 1676.0
20.107555359 1716.0
20.133815924 1644.0
20.160076490 1664.0
20.186337055 1633.0
20.212597620 1586.0
20.238858186 1594.0
20.265118751 1662.0
20.291379316 1645.0
20.317639882 1672.0
20.343900447 1746.0
20.370161012 1666.0
20.396421578 1650.0
20.422682143 1674.0
20.448942709 1615.0
20.475203274 1630.0
20.501463839 1665.0
20.527724405 1720.0
20.553984970 1670.0
20.580245535 1695.0
20.606506101 1764.0
20.632766666 1660.0
20.659027231 1678.0
20.685287797 1682.0
20.711548362 1654.0
20.737808927 1689.0
20.764069493 1692.0
20.790330058 1639.0
20.816590623 1653.0
20.842851189 1660.0
20.869111754 1783.0
20.895372320 1693.0
20.921632885 1663.0
20.947893450 1677.0
20.974154016 1713.0
21.000414581 1628.0
21.026675146 1635.0
21.052935712 1743.0
21.079196277 1642.0
21.105456842 1700.0
21.131717408 1685.0
21.157977973 1669.0
21.184238538 1618.0
21.210499104 1698.0
21.236759669 1770.0
21.263020235 1731.0
21.289280800 1855.0
21.315541365 1667.0
21.341801931 1737.0
21.368062496 1758.0
21.394323061 1806.0
21.420583627 1689.0
21.446844192 1759.0
21.473104757 1880.0
21.499365323 1799.0
21.525625888 1760.0
21.551886453 1828.0
21.578147019 1886.0
21.604407584 1750.0
21.630668149 1781.0
21.656928715 1753.0
21.683189280 1879.0
21.709449846 1840.0
21.735710411 1977.0
21.761970976 1857.0
21.788231542 1890.0
21.814492107 1880.0
21.840752672 1883.0
21.867013238 1930.0
21.893273803 1908.0
21.919534368 1858.0
21.945794934 1811.0
21.972055499 1857.0
21.998316064 1856.0
22.024576630 1765.0
22.050837195 1770.0
22.077097761 1798.0
22.103358326 1840.0
22.129618891 1780.0
22.155879457 1834.0
22.182140022 1772.0
22.208400587 1672.0
22.234661153 1712.0
22.260921718 1684.0
22.287182283 1758.0
22.313442849 1752.0
22.339703414 1735.0
22.365963979 1768.0
22.392224545 1746.0
22.418485110 1727.0
22.444745675 1773.0
22.471006241 1735.0
22.497266806 1709.0
22.523527372 1750.0
22.549787937 1708.0
22.576048502 1762.0
22.602309068 1763.0
22.628569633 1719.0
22.654830198 1757.0
22.681090764 1777.0
22.707351329 1781.0
22.733611894 1850.0
22.759872460 1710.0
22.786133025 1893.0
22.812393590 1785.0
22.838654156 1772.0
22.864914721 1871.0
22.891175287 1782.0
22.917435852 1727.0
22.943696417 1921.0
22.969956983 1735.0
22.996217548 1818.0
23.022478113 1785.0
23.048738679 1876.0
23.074999244 1806.0
23.101259809 1864.0
23.127520375 1778.0
23.153780940 1795.0
23.180041505 1845.0
23.206302071 1845.0
23.232562636 1765.0
23.258823201 1818.0
23.285083767 1940.0
23.311344332 1854.0
23.337604898 1948.0
23.363865463 1882.0
23.390126028 1804.0
23.416386594 1874.0
23.442647159 1787.0
23.468907724 1823.0
23.495168290 1840.0
23.521428855 1823.0
23.547689420 1892.0
23.573949986 1817.0
23.600210551 1797.0
23.626471116 1868.0
23.652731682 1763.0
23.678992247 1750.0
23.705252813 1748.0
23.731513378 1729.0
23.757773943 1775.0
23.784034509 1787.0
23.810295074 1732.0
23.836555639 1672.0
23.862816205 1629.0
23.889076770 1768.0
23.915337335 1739.0
23.941597901 1639.0
23.967858466 1668.0
23.994119031 1717.0
24.020379597 1686.0
24.046640162 1711.0
24.072900727 1638.0
24.099161293 1724.0
24.125421858 1692.0
24.151682424 1682.0
24.177942989 1627.0
24.204203554 1715.0
24.230464120 1694.0
24.256724685 1704.0
24.282985250 1719.0
24.309245816 1749.0
24.335506381 1701.0
24.361766946 1632.0
24.388027512 1727.0
24.414288077 1742.0
24.440548642 1621.0
24.466809208 1709.0
24.493069773 1709.0
24.519330338 1641.0
24.545590904 1624.0
24.571851469 1657.0
24.598112035 1754.0
24.624372600 1630.0
24.650633165 1654.0
24.676893731 1703.0
24.703154296 1721.0
24.729414861 1661.0
24.755675427 1699.0
24.781935992 1632.0
24.808196557 1677.0
24.834457123 1659.0
24.860717688 1678.0
24.886978253 1700.0
24.913238819 1652.0
24.939499384 1631.0
24.965759950 1701.0
24.992020515 1603.0
25.018281080 1695.0
25.044541646 1641.0
25.070802211 1678.0
25.097062776 1647.0
25.123323342 1711.0
25.149583907 1612.0
25.175844472 1578.0
25.202105038 1568.0
25.228365603 1642.0
25.254626168 1590.0
25.280886734 1721.0
25.307147299 1549.0
25.333407864 1677.0
25.359668430 1686.0
25.385928995 1607.0
25.412189561 1612.0
25.438450126 1656.0
25.464710691 1701.0
25.490971257 1637.0
25.517231822 1762.0
25.543492387 1674.0
25.569752953 1664.0
25.596013518 1745.0
25.622274083 1683.0
25.648534649 1699.0
25.674795214 1695.0
25.701055779 1650.0
25.727316345 1608.0
25.753576910 1666.0
25.779837476 1651.0
25.806098041 1697.0
25.832358606 1720.0
25.858619172 1711.0
25.884879737 1771.0
25.911140302 1717.0
25.937400868 1614.0
25.963661433 1638.0
25.989921998 1727.0
26.016182564 1738.0
26.042443129 1690.0
26.068703694 1718.0
26.094964260 1746.0
26.121224825 1707.0
26.147485390 1743.0
26.173745956 1687.0
26.200006521 1697.0
26.226267087 1737.0
26.252527652 1703.0
26.278788217 1687.0
26.305048783 1613.0
26.331309348 1762.0
26.357569913 1671.0
26.383830479 1644.0
26.410091044 1648.0
26.436351609 1581.0
26.462612175 1612.0
26.488872740 1691.0
26.515133305 1616.0
26.541393871 1607.0
26.567654436 1621.0
26.593915002 1628.0
26.620175567 1631.0
26.646436132 1670.0
26.672696698 1637.0
26.698957263 1643.0
26.725217828 1630.0
26.751478394 1576.0
26.777738959 1669.0
26.803999524 1617.0
26.830260090 1691.0
26.856520655 1758.0
26.882781220 1654.0
26.909041786 1738.0
26.935302351 1695.0
26.961562916 1722.0
26.987823482 1732.0
27.014084047 1662.0
27.040344613 1701.0
27.066605178 1663.0
27.092865743 1619.0
27.119126309 1629.0
27.145386874 1732.0
27.171647439 1619.0
27.197908005 1588.0
27.224168570 1624.0
27.250429135 1660.0
27.276689701 1603.0
27.302950266 1585.0
27.329210831 1569.0
27.355471397 1513.0
27.381731962 1575.0
27.407992528 1464.0
27.434253093 1572.0
27.460513658 1505.0
27.486774224 1543.0
27.513034789 1516.0
27.539295354 1543.0
27.565555920 1479.0
27.591816485 1580.0
27.618077050 1555.0
27.644337616 1530.0
27.670598181 1526.0
27.696858746 1497.0
27.723119312 1516.0
27.749379877 1492.0
27.775640442 1531.0
27.801901008 1473.0
27.828161573 1526.0
27.854422139 1486.0
27.880682704 1465.0
27.906943269 1470.0
27.933203835 1439.0
27.959464400 1524.0
27.985724965 1518.0
28.011985531 1520.0
28.038246096 1393.0
28.064506661 1522.0
28.090767227 1497.0
28.117027792 1434.0
28.143288357 1418.0
28.169548923 1459.0
28.195809488 1468.0
28.222070054 1418.0
28.248330619 1417.0
28.274591184 1468.0
28.300851750 1429.0
28.327112315 1408.0
28.353372880 1402.0
28.379633446 1444.0
28.405894011 1381.0
28.432154576 1425.0
28.458415142 1403.0
28.484675707 1424.0
28.510936272 1352.0
28.537196838 1423.0
28.563457403 1391.0
28.589717968 1461.0
28.615978534 1370.0
28.642239099 1412.0
28.668499665 1441.0
28.694760230 1410.0
28.721020795 1416.0
28.747281361 1419.0
28.773541926 1434.0
28.799802491 1422.0
28.826063057 1431.0
28.852323622 1399.0
28.878584187 1411.0
28.904844753 1485.0
28.931105318 1470.0
28.957365883 1372.0
28.983626449 1422.0
29.009887014 1376.0
29.036147579 1402.0
29.062408145 1383.0
29.088668710 1424.0
29.114929276 1352.0
29.141189841 1482.0
29.167450406 1424.0
29.193710972 1359.0
29.219971537 1412.0
29.246232102 1408.0
29.272492668 1383.0
29.298753233 1403.0
29.325013798 1428.0
29.351274364 1428.0
29.377534929 1446.0
29.403795494 1451.0
29.430056060 1406.0
29.456316625 1418.0
29.482577191 1401.0
29.508837756 1460.0
29.535098321 1484.0
29.561358887 1490.0
29.587619452 1457.0
29.613880017 1420.0
29.640140583 1427.0
29.666401148 1447.0
29.692661713 1407.0
29.718922279 1398.0
29.745182844 1499.0
29.771443409 1495.0
29.797703975 1469.0
29.823964540 1463.0
29.850225105 1454.0
29.876485671 1455.0
29.902746236 1466.0
29.929006802 1561.0
29.955267367 1494.0
29.981527932 1546.0
30.007788498 1685.0
30.034049063 1601.0
30.060309628 1573.0
30.086570194 1672.0
30.112830759 1704.0
30.139091324 1767.0
30.165351890 1810.0
30.191612455 1809.0
30.217873020 1794.0
30.244133586 1820.0
30.270394151 1844.0
30.296654717 1856.0
30.322915282 1918.0
30.349175847 1866.0
30.375436413 1881.0
30.401696978 1888.0
30.427957543 1873.0
30.454218109 1821.0
30.480478674 1807.0
30.506739239 1850.0
30.532999805 1900.0
30.559260370 1807.0
30.585520935 1733.0
30.611781501 1779.0
30.638042066 1757.0
30.664302631 1765.0
30.690563197 1760.0
30.716823762 1657.0
30.743084328 1747.0
30.769344893 1647.0
30.795605458 1680.0
30.821866024 1580.0
30.848126589 1607.0
30.874387154 1683.0
30.900647720 1629.0
30.926908285 1555.0
30.953168850 1544.0
30.979429416 1562.0
31.005689981 1548.0
31.031950546 1621.0
31.058211112 1550.0
31.084471677 1632.0
31.110732243 1650.0
31.136992808 1592.0
31.163253373 1633.0
31.189513939 1651.0
31.215774504 1588.0
31.242035069 1641.0
31.268295635 1610.0
31.294556200 1629.0
31.320816765 1556.0
31.347077331 1612.0
31.373337896 1581.0
31.399598461 1591.0
31.425859027 1628.0
31.452119592 1589.0
31.478380157 1602.0
31.504640723 1636.0
31.530901288 1508.0
31.557161854 1506.0
31.583422419 1548.0
31.609682984 1550.0
31.635943550 1440.0
31.662204115 1510.0
31.688464680 1518.0
31.714725246 1502.0
31.740985811 1516.0
31.767246376 1493.0
31.793506942 1423.0
31.819767507 1428.0
31.846028072 1471.0
31.872288638 1572.0
31.898549203 1448.0
31.924809769 1459.0
31.951070334 1483.0
31.977330899 1504.0
32.003591465 1423.0
32.029852030 1357.0
32.056112595 1377.0
32.082373161 1453.0
32.108633726 1396.0
32.134894291 1377.0
32.161154857 1421.0
32.187415422 1397.0
32.213675987 1342.0
32.239936553 1425.0
32.266197118 1313.0
32.292457683 1400.0
32.318718249 1345.0
32.344978814 1359.0
32.371239380 1310.0
32.397499945 1349.0
32.423760510 1408.0
32.450021076 1391.0
32.476281641 1396.0
32.502542206 1386.0
32.528802772 1315.0
32.555063337 1431.0
32.581323902 1316.0
32.607584468 1376.0
32.633845033 1383.0
32.660105598 1348.0
32.686366164 1396.0
32.712626729 1412.0
32.738887295 1438.0
32.765147860 1349.0
32.791408425 1401.0
32.817668991 1390.0
32.843929556 1448.0
32.870190121 1432.0
32.896450687 1413.0
32.922711252 1391.0
32.948971817 1385.0
32.975232383 1415.0
33.001492948 1546.0
33.027753513 1473.0
33.054014079 1409.0
33.080274644 1455.0
33.106535209 1487.0
33.132795775 1429.0
33.159056340 1549.0
33.185316906 1496.0
33.211577471 1449.0
33.237838036 1482.0
33.264098602 1419.0
33.290359167 1524.0
33.316619732 1444.0
33.342880298 1503.0
33.369140863 1544.0
33.395401428 1455.0
33.421661994 1425.0
33.447922559 1489.0
33.474183124 1467.0
33.500443690 1488.0
33.526704255 1466.0
33.552964820 1482.0
33.579225386 1459.0
33.605485951 1460.0
33.631746517 1361.0
33.658007082 1421.0
33.684267647 1496.0
33.710528213 1429.0
33.736788778 1425.0
33.763049343 1452.0
33.789309909 1428.0
33.815570474 1458.0
33.841831039 1403.0
33.868091605 1440.0
33.894352170 1355.0
33.920612735 1394.0
33.946873301 1449.0
33.973133866 1453.0
33.999394432 1466.0
34.025654997 1356.0
34.051915562 1453.0
34.078176128 1499.0
34.104436693 1481.0
34.130697258 1410.0
34.156957824 1424.0
34.183218389 1461.0
34.209478954 1524.0
34.235739520 1510.0
34.262000085 1532.0
34.288260650 1544.0
34.314521216 1535.0
34.340781781 1447.0
34.367042346 1497.0
34.393302912 1488.0
34.419563477 1464.0
34.445824043 1497.0
34.472084608 1465.0
34.498345173 1508.0
34.524605739 1513.0
34.550866304 1453.0
34.577126869 1518.0
34.603387435 1530.0
34.629648000 1434.0
34.655908565 1545.0
34.682169131 1487.0
34.708429696 1498.0
34.734690261 1441.0
34.760950827 1467.0
34.787211392 1464.0
34.813471958 1494.0
34.839732523 1455.0
34.865993088 1517.0
34.892253654 1440.0
34.918514219 1510.0
34.944774784 1545.0
34.971035350 1507.0
34.997295915 1534.0
35.023556480 1569.0
35.049817046 1586.0
35.076077611 1609.0
35.102338176 1712.0
35.128598742 1732.0
35.154859307 1787.0
35.181119872 1817.0
35.207380438 1884.0
35.233641003 1923.0
35.259901569 1889.0
35.286162134 1835.0
35.312422699 1909.0
35.338683265 1840.0
35.364943830 1675.0
35.391204395 1787.0
35.417464961 1698.0
35.443725526 1686.0
35.469986091 1599.0
35.496246657 1584.0
35.522507222 1551.0
35.548767787 1497.0
35.575028353 1524.0
35.601288918 1509.0
35.627549484 1547.0
35.653810049 1397.0
35.680070614 1385.0
35.706331180 1462.0
35.732591745 1421.0
35.758852310 1409.0
35.785112876 1452.0
35.811373441 1400.0
35.837634006 1397.0
35.863894572 1402.0
35.890155137 1412.0
35.916415702 1312.0
35.942676268 1365.0
35.968936833 1368.0
35.995197398 1353.0
36.021457964 1276.0
36.047718529 1346.0
36.073979095 1385.0
36.100239660 1368.0
36.126500225 1409.0
36.152760791 1327.0
36.179021356 1391.0
36.205281921 1379.0
36.231542487 1437.0
36.257803052 1427.0
36.284063617 1271.0
36.310324183 1369.0
36.336584748 1397.0
36.362845313 1348.0
36.389105879 1374.0
36.415366444 1407.0
36.441627010 1416.0
36.467887575 1422.0
36.494148140 1324.0
36.520408706 1389.0
36.546669271 1345.0
36.572929836 1345.0
36.599190402 1367.0
36.625450967 1386.0
36.651711532 1361.0
36.677972098 1327.0
36.704232663 1308.0
36.730493228 1326.0
36.756753794 1341.0
36.783014359 1284.0
36.809274924 1252.0
36.835535490 1279.0
36.861796055 1312.0
36.888056621 1322.0
36.914317186 1284.0
36.940577751 1302.0
36.966838317 1260.0
36.993098882 1271.0
37.019359447 1193.0
37.045620013 1239.0
37.071880578 1288.0
37.098141143 1305.0
37.124401709 1308.0
37.150662274 1212.0
37.176922839 1315.0
37.203183405 1228.0
37.229443970 1252.0
37.255704535 1251.0
37.281965101 1238.0
37.308225666 1258.0
37.334486232 1234.0
37.360746797 1227.0
37.387007362 1221.0
37.413267928 1187.0
37.439528493 1237.0
37.465789058 1212.0
37.492049624 1211.0
37.518310189 1208.0
37.544570754 1281.0
37.570831320 1253.0
37.597091885 1221.0
37.623352450 1249.0
37.649613016 1128.0
37.675873581 1235.0
37.702134147 1187.0
37.728394712 1184.0
37.754655277 1223.0
37.780915843 1141.0
37.807176408 1209.0
37.833436973 1147.0
37.859697539 1225.0
37.885958104 1154.0
37.912218669 1216.0
37.938479235 1159.0
37.964739800 1132.0
37.991000365 1147.0
38.017260931 1197.0
38.043521496 1074.0
38.069782061 1089.0
38.096042627 1137.0
38.122303192 1195.0
38.148563758 1091.0
38.174824323 1092.0
38.201084888 1099.0
38.227345454 1134.0
38.253606019 1112.0
38.279866584 1127.0
38.306127150 1053.0
38.332387715 1056.0
38.358648280 1154.0
38.384908846 1142.0
38.411169411 1069.0
38.437429976 1064.0
38.463690542 1089.0
38.489951107 1079.0
38.516211673 1028.0
38.542472238 1113.0
38.568732803 1085.0
38.594993369 1093.0
38.621253934 1117.0
38.647514499 1122.0
38.673775065 1059.0
38.700035630 1047.0
38.726296195 1152.0
38.752556761 1091.0
38.778817326 1034.0
38.805077891 1049.0
38.831338457 1040.0
38.857599022 1075.0
38.883859587 1088.0
38.910120153 1101.0
38.936380718 1061.0
38.962641284 1102.0
38.988901849 1108.0
39.015162414 1053.0
39.041422980 1046.0
39.067683545 1004.0
39.093944110 1043.0
39.120204676 945.0
39.146465241 998.0
39.172725806 992.0
39.198986372 1015.0
39.225246937 1013.0
39.251507502 1038.0
39.277768068 994.0
39.304028633 1058.0
39.330289199 1095.0
39.356549764 962.0
39.382810329 987.0
39.409070895 980.0
39.435331460 989.0
39.461592025 995.0
39.487852591 1005.0
39.514113156 971.0
39.540373721 1032.0
39.566634287 969.0
39.592894852 988.0
39.619155417 968.0
39.645415983 975.0
39.671676548 975.0
39.697937113 1003.0
39.724197679 988.0
39.750458244 957.0
39.776718810 988.0
39.802979375 987.0
39.829239940 1037.0
39.855500506 986.0
39.881761071 995.0
39.908021636 985.0
39.934282202 931.0
39.960542767 995.0
39.986803332 980.0
40.013063898 959.0
40.039324463 1044.0
40.065585028 1004.0
40.091845594 1012.0
40.118106159 1023.0
40.144366725 977.0
40.170627290 982.0
40.196887855 963.0
40.223148421 1000.0
40.249408986 1009.0
40.275669551 1013.0
40.301930117 960.0
40.328190682 1001.0
40.354451247 985.0
40.380711813 1057.0
40.406972378 980.0
40.433232943 1065.0
40.459493509 1017.0
40.485754074 1056.0
40.512014639 988.0
40.538275205 1017.0
40.564535770 962.0
40.590796336 1102.0
40.617056901 992.0
40.643317466 1052.0
40.669578032 1103.0
40.695838597 1067.0
40.722099162 1125.0
40.748359728 1020.0
40.774620293 971.0
40.800880858 1040.0
40.827141424 1044.0
40.853401989 1027.0
40.879662554 1021.0
40.905923120 1061.0
40.932183685 1007.0
40.958444251 962.0
40.984704816 1063.0
41.010965381 990.0
41.037225947 1025.0
41.063486512 986.0
41.089747077 1071.0
41.116007643 988.0
41.142268208 986.0
41.168528773 976.0
41.194789339 1016.0
41.221049904 1060.0
41.247310469 1045.0
41.273571035 1028.0
41.299831600 1042.0
41.326092165 1007.0
41.352352731 1031.0
41.378613296 971.0
41.404873862 1004.0
41.431134427 1060.0
41.457394992 1002.0
41.483655558 930.0
41.509916123 1020.0
41.536176688 994.0
41.562437254 989.0
41.588697819 997.0
41.614958384 1003.0
41.641218950 1042.0
41.667479515 989.0
41.693740080 960.0
41.720000646 941.0
41.746261211 941.0
41.772521776 923.0
41.798782342 943.0
41.825042907 970.0
41.851303473 977.0
41.877564038 952.0
41.903824603 955.0
41.930085169 889.0
41.956345734 892.0
41.982606299 992.0
42.008866865 942.0
42.035127430 937.0
42.061387995 929.0
42.087648561 977.0
42.113909126 929.0
42.140169691 912.0
42.166430257 861.0
42.192690822 891.0
42.218951388 975.0
42.245211953 932.0
42.271472518 893.0
42.297733084 945.0
42.323993649 880.0
42.350254214 946.0
42.376514780 914.0
42.402775345 905.0
42.429035910 913.0
42.455296476 932.0
42.481557041 911.0
42.507817606 944.0
42.534078172 899.0
42.560338737 915.0
42.586599302 875.0
42.612859868 929.0
42.639120433 896.0
42.665380999 904.0
42.691641564 999.0
42.717902129 908.0
42.744162695 897.0
42.770423260 951.0
42.796683825 896.0
42.822944391 877.0
42.849204956 885.0
42.875465521 840.0
42.901726087 872.0
42.927986652 914.0
42.954247217 930.0
42.980507783 905.0
43.006768348 904.0
43.033028914 971.0
43.059289479 919.0
43.085550044 957.0
43.111810610 913.0
43.138071175 918.0
43.164331740 900.0
43.190592306 913.0
43.216852871 949.0
43.243113436 947.0
43.269374002 995.0
43.295634567 1007.0
43.321895132 970.0
43.348155698 996.0
43.374416263 1069.0
43.400676828 1023.0
43.426937394 1071.0
43.453197959 1120.0
43.479458525 1062.0
43.505719090 1121.0
43.531979655 1097.0
43.558240221 1120.0
43.584500786 1175.0
43.610761351 1181.0
43.637021917 1182.0
43.663282482 1136.0
43.689543047 1072.0
43.715803613 1110.0
43.742064178 1074.0
43.768324743 1029.0
43.794585309 1040.0
43.820845874 1057.0
43.847106440 964.0
43.873367005 944.0
43.899627570 983.0
43.925888136 912.0
43.952148701 919.0
43.978409266 954.0
44.004669832 905.0
44.030930397 877.0
44.057190962 906.0
44.083451528 887.0
44.109712093 939.0
44.135972658 892.0
44.162233224 847.0
44.188493789 824.0
44.214754354 853.0
44.241014920 865.0
44.267275485 872.0
44.293536051 871.0
44.319796616 821.0
44.346057181 898.0
44.372317747 829.0
44.398578312 875.0
44.424838877 848.0
44.451099443 834.0
44.477360008 858.0
44.503620573 798.0
44.529881139 824.0
44.556141704 799.0
44.582402269 838.0
44.608662835 850.0
44.634923400 845.0
44.661183966 842.0
44.687444531 801.0
44.713705096 794.0
44.739965662 811.0
44.766226227 817.0
44.792486792 851.0
44.818747358 795.0
44.845007923 820.0
44.871268488 805.0
44.897529054 769.0
44.923789619 819.0
44.950050184 736.0
44.976310750 824.0
45.002571315 776.0
45.028831880 787.0
45.055092446 825.0
45.081353011 770.0
45.107613577 761.0
45.133874142 840.0
45.160134707 733.0
45.186395273 753.0
45.212655838 808.0
45.238916403 800.0
45.265176969 809.0
45.291437534 754.0
45.317698099 784.0
45.343958665 813.0
45.370219230 805.0
45.396479795 741.0
45.422740361 782.0
45.449000926 824.0
45.475261492 768.0
45.501522057 773.0
45.527782622 750.0
45.554043188 733.0
45.580303753 761.0
45.606564318 776.0
45.632824884 812.0
45.659085449 785.0
45.685346014 766.0
45.711606580 777.0
45.737867145 806.0
45.764127710 834.0
45.790388276 781.0
45.816648841 799.0
45.842909406 801.0
45.869169972 813.0
45.895430537 782.0
45.921691103 841.0
45.947951668 778.0
45.974212233 788.0
46.000472799 787.0
46.026733364 767.0
46.052993929 805.0
46.079254495 831.0
46.105515060 776.0
46.131775625 797.0
46.158036191 777.0
46.184296756 794.0
46.210557321 784.0
46.236817887 766.0
46.263078452 794.0
46.289339017 746.0
46.315599583 799.0
46.341860148 811.0
46.368120714 785.0
46.394381279 689.0
46.420641844 740.0
46.446902410 746.0
46.473162975 775.0
46.499423540 720.0
46.525684106 787.0
46.551944671 758.0
46.578205236 765.0
46.604465802 748.0
46.630726367 823.0
46.656986932 759.0
46.683247498 803.0
46.709508063 737.0
46.735768629 769.0
46.762029194 757.0
46.788289759 738.0
46.814550325 758.0
46.840810890 750.0
46.867071455 765.0
46.893332021 739.0
46.919592586 738.0
46.945853151 742.0
46.972113717 752.0
46.998374282 712.0
47.024634847 737.0
47.050895413 700.0
47.077155978 757.0
47.103416543 712.0
47.129677109 720.0
47.155937674 709.0
47.182198240 699.0
47.208458805 788.0
47.234719370 693.0
47.260979936 726.0
47.287240501 735.0
47.313501066 751.0
47.339761632 667.0
47.366022197 699.0
47.392282762 748.0
47.418543328 752.0
47.444803893 711.0
47.471064458 785.0
47.497325024 776.0
47.523585589 738.0
47.549846155 779.0
47.576106720 696.0
47.602367285 708.0
47.628627851 753.0
47.654888416 805.0
47.681148981 736.0
47.707409547 708.0
47.733670112 707.0
47.759930677 685.0
47.786191243 702.0
47.812451808 720.0
47.838712373 726.0
47.864972939 709.0
47.891233504 690.0
47.917494069 719.0
47.943754635 720.0
47.970015200 676.0
47.996275766 753.0
48.022536331 704.0
48.048796896 682.0
48.075057462 627.0
48.101318027 721.0
48.127578592 687.0
48.153839158 699.0
48.180099723 706.0
48.206360288 677.0
48.232620854 672.0
48.258881419 703.0
48.285141984 665.0
48.311402550 677.0
48.337663115 653.0
48.363923681 671.0
48.390184246 679.0
48.416444811 636.0
48.442705377 690.0
48.468965942 688.0
48.495226507 619.0
48.521487073 627.0
48.547747638 697.0
48.574008203 670.0
48.600268769 659.0
48.626529334 687.0
48.652789899 704.0
48.679050465 685.0
48.705311030 651.0
48.731571595 664.0
48.757832161 675.0
48.784092726 645.0
48.810353292 652.0
48.836613857 651.0
48.862874422 657.0
48.889134988 666.0
48.915395553 618.0
48.941656118 632.0
48.967916684 666.0
48.994177249 693.0
49.020437814 669.0
49.046698380 631.0
49.072958945 642.0
49.099219510 667.0
49.125480076 604.0
49.151740641 673.0
49.178001207 684.0
49.204261772 632.0
49.230522337 636.0
49.256782903 658.0
49.283043468 642.0
49.309304033 687.0
49.335564599 628.0
49.361825164 682.0
49.388085729 636.0
49.414346295 705.0
49.440606860 640.0
49.466867425 661.0
49.493127991 682.0
49.519388556 615.0
49.545649121 647.0
49.571909687 647.0
49.598170252 620.0
49.624430818 657.0
49.650691383 653.0
49.676951948 618.0
49.703212514 665.0
49.729473079 636.0
49.755733644 680.0
49.781994210 614.0
49.808254775 627.0
49.834515340 646.0
49.860775906 580.0
49.887036471 613.0
49.913297036 607.0
49.939557602 620.0
49.965818167 617.0
49.992078733 657.0
50.018339298 639.0
50.044599863 629.0
50.070860429 617.0
50.097120994 631.0
50.123381559 661.0
50.149642125 660.0
50.175902690 689.0
50.202163255 633.0
50.228423821 661.0
50.254684386 622.0
50.280944951 612.0
50.307205517 585.0
50.333466082 624.0
50.359726647 633.0
50.385987213 636.0
50.412247778 586.0
50.438508344 619.0
50.464768909 596.0
50.491029474 579.0
50.517290040 646.0
50.543550605 586.0
50.569811170 610.0
50.596071736 597.0
50.622332301 590.0
50.648592866 592.0
50.674853432 603.0
50.701113997 576.0
50.727374562 567.0
50.753635128 566.0
50.779895693 560.0
50.806156258 618.0
50.832416824 623.0
50.858677389 591.0
50.884937955 579.0
50.911198520 594.0
50.937459085 606.0
50.963719651 585.0
50.989980216 557.0
51.016240781 573.0
51.042501347 655.0
51.068761912 619.0
51.095022477 609.0
51.121283043 594.0
51.147543608 579.0
51.173804173 612.0
51.200064739 614.0
51.226325304 550.0
51.252585870 582.0
51.278846435 562.0
51.305107000 613.0
51.331367566 602.0
51.357628131 563.0
51.383888696 572.0
51.410149262 592.0
51.436409827 616.0
51.462670392 559.0
51.488930958 569.0
51.515191523 580.0
51.541452088 578.0
51.567712654 602.0
51.593973219 514.0
51.620233784 572.0
51.646494350 611.0
51.672754915 546.0
51.699015481 551.0
51.725276046 588.0
51.751536611 613.0
51.777797177 575.0
51.804057742 548.0
51.830318307 589.0
51.856578873 545.0
51.882839438 553.0
51.909100003 610.0
51.935360569 523.0
51.961621134 544.0
51.987881699 611.0
52.014142265 558.0
52.040402830 566.0
52.066663396 589.0
52.092923961 567.0
52.119184526 567.0
52.145445092 573.0
52.171705657 589.0
52.197966222 623.0
52.224226788 521.0
52.250487353 540.0
52.276747918 575.0
52.303008484 603.0
52.329269049 616.0
52.355529614 542.0
52.381790180 622.0
52.408050745 597.0
52.434311310 566.0
52.460571876 592.0
52.486832441 606.0
52.513093007 584.0
52.539353572 583.0
52.565614137 682.0
52.591874703 597.0
52.618135268 565.0
52.644395833 610.0
52.670656399 567.0
52.696916964 564.0
52.723177529 571.0
52.749438095 564.0
52.775698660 583.0
52.801959225 605.0
52.828219791 584.0
52.854480356 589.0
52.880740922 577.0
52.907001487 547.0
52.933262052 568.0
52.959522618 567.0
52.985783183 576.0
53.012043748 539.0
53.038304314 585.0
53.064564879 603.0
53.090825444 552.0
53.117086010 544.0
53.143346575 603.0
53.169607140 569.0
53.195867706 582.0
53.222128271 538.0
53.248388836 568.0
53.274649402 538.0
53.300909967 543.0
53.327170533 555.0
53.353431098 578.0
53.379691663 572.0
53.405952229 553.0
53.432212794 599.0
53.458473359 555.0
53.484733925 579.0
53.510994490 596.0
53.537255055 609.0
53.563515621 529.0
53.589776186 562.0
53.616036751 499.0
53.642297317 522.0
53.668557882 568.0
53.694818448 568.0
53.721079013 538.0
53.747339578 548.0
53.773600144 521.0
53.799860709 597.0
53.826121274 590.0
53.852381840 554.0
53.878642405 575.0
53.904902970 554.0
53.931163536 569.0
53.957424101 532.0
53.983684666 535.0
54.009945232 527.0
54.036205797 584.0
54.062466362 530.0
54.088726928 541.0
54.114987493 516.0
54.141248059 568.0
54.167508624 536.0
54.193769189 576.0
54.220029755 540.0
54.246290320 580.0
54.272550885 539.0
54.298811451 547.0
54.325072016 565.0
54.351332581 573.0
54.377593147 518.0
54.403853712 564.0
54.430114277 553.0
54.456374843 544.0
54.482635408 575.0
54.508895973 542.0
54.535156539 536.0
54.561417104 603.0
54.587677670 565.0
54.613938235 606.0
54.640198800 583.0
54.666459366 542.0
54.692719931 551.0
54.718980496 564.0
54.745241062 605.0
54.771501627 586.0
54.797762192 522.0
54.824022758 544.0
54.850283323 544.0
54.876543888 560.0
54.902804454 552.0
54.929065019 512.0
54.955325585 582.0
54.981586150 502.0
55.007846715 539.0
55.034107281 511.0
55.060367846 530.0
55.086628411 522.0
55.112888977 513.0
55.139149542 514.0
55.165410107 533.0
55.191670673 547.0
55.217931238 574.0
55.244191803 557.0
55.270452369 565.0
55.296712934 546.0
55.322973499 534.0
55.349234065 546.0
55.375494630 512.0
55.401755196 556.0
55.428015761 522.0
55.454276326 557.0
55.480536892 495.0
55.506797457 530.0
55.533058022 548.0
55.559318588 523.0
55.585579153 584.0
55.611839718 509.0
55.638100284 525.0
55.664360849 527.0
55.690621414 568.0
55.716881980 531.0
55.743142545 563.0
55.769403111 542.0
55.795663676 547.0
55.821924241 547.0
55.848184807 528.0
55.874445372 511.0
55.900705937 589.0
55.926966503 515.0
55.953227068 602.0
55.979487633 587.0
56.005748199 590.0
56.032008764 542.0
56.058269329 520.0
56.084529895 538.0
56.110790460 545.0
56.137051025 562.0
56.163311591 557.0
56.189572156 601.0
56.215832722 543.0
56.242093287 577.0
56.268353852 597.0
56.294614418 525.0
56.320874983 541.0
56.347135548 587.0
56.373396114 569.0
56.399656679 547.0
56.425917244 571.0
56.452177810 540.0
56.478438375 591.0
56.504698940 499.0
56.530959506 534.0
56.557220071 564.0
56.583480637 477.0
56.609741202 547.0
56.636001767 581.0
56.662262333 567.0
56.688522898 551.0
56.714783463 558.0
56.741044029 551.0
56.767304594 565.0
56.793565159 527.0
56.819825725 538.0
56.846086290 563.0
56.872346855 583.0
56.898607421 580.0
56.924867986 552.0
56.951128551 546.0
56.977389117 556.0
57.003649682 589.0
57.029910248 582.0
57.056170813 571.0
57.082431378 615.0
57.108691944 578.0
57.134952509 608.0
57.161213074 574.0
57.187473640 588.0
57.213734205 590.0
57.239994770 578.0
57.266255336 535.0
57.292515901 612.0
57.318776466 567.0
57.345037032 589.0
57.371297597 589.0
57.397558163 595.0
57.423818728 658.0
57.450079293 580.0
57.476339859 658.0
57.502600424 599.0
57.528860989 629.0
57.555121555 607.0
57.581382120 581.0
57.607642685 576.0
57.633903251 585.0
57.660163816 556.0
57.686424381 519.0
57.712684947 560.0
57.738945512 546.0
57.765206077 581.0
57.791466643 561.0
57.817727208 564.0
57.843987774 570.0
57.870248339 567.0
57.896508904 536.0
57.922769470 538.0
57.949030035 543.0
57.975290600 515.0
58.001551166 532.0
58.027811731 558.0
58.054072296 562.0
58.080332862 566.0
58.106593427 564.0
58.132853992 532.0
58.159114558 571.0
58.185375123 539.0
58.211635689 541.0
58.237896254 600.0
58.264156819 547.0
58.290417385 555.0
58.316677950 569.0
58.342938515 488.0
58.369199081 479.0
58.395459646 531.0
58.421720211 559.0
58.447980777 590.0
58.474241342 572.0
58.500501907 552.0
58.526762473 549.0
58.553023038 534.0
58.579283603 549.0
58.605544169 504.0
58.631804734 531.0
58.658065300 560.0
58.684325865 528.0
58.710586430 565.0
58.736846996 592.0
58.763107561 563.0
58.789368126 559.0
58.815628692 540.0
58.841889257 609.0
58.868149822 582.0
58.894410388 537.0
58.920670953 567.0
58.946931518 575.0
58.973192084 534.0
58.999452649 573.0
59.025713214 579.0
59.051973780 612.0
59.078234345 636.0
59.104494911 612.0
59.130755476 590.0
59.157016041 485.0
59.183276607 604.0
59.209537172 575.0
59.235797737 588.0
59.262058303 569.0
59.288318868 571.0
59.314579433 575.0
59.340839999 546.0
59.367100564 605.0
59.393361129 594.0
59.419621695 582.0
59.445882260 586.0
59.472142826 570.0
59.498403391 605.0
59.524663956 564.0
59.550924522 623.0
59.577185087 550.0
59.603445652 599.0
59.629706218 608.0
59.655966783 583.0
59.682227348 610.0
59.708487914 606.0
59.734748479 600.0
59.761009044 636.0
59.787269610 639.0
59.813530175 650.0
59.839790740 656.0
59.866051306 624.0
59.892311871 677.0
59.918572437 700.0
59.944833002 633.0
59.971093567 687.0
59.997354133 674.0
60.023614698 681.0
60.049875263 662.0
60.076135829 646.0
60.102396394 692.0
60.128656959 683.0
60.154917525 684.0
60.181178090 682.0
60.207438655 688.0
60.233699221 615.0
60.259959786 671.0
60.286220352 691.0
60.312480917 747.0
60.338741482 739.0
60.365002048 682.0
60.391262613 714.0
60.417523178 709.0
60.443783744 754.0
60.470044309 704.0
60.496304874 736.0
60.522565440 795.0
60.548826005 754.0
60.575086570 750.0
60.601347136 746.0
60.627607701 779.0
60.653868266 784.0
60.680128832 752.0
60.706389397 751.0
60.732649963 803.0
60.758910528 799.0
60.785171093 767.0
60.811431659 755.0
60.837692224 807.0
60.863952789 768.0
60.890213355 789.0
60.916473920 776.0
60.942734485 810.0
60.968995051 771.0
60.995255616 748.0
61.021516181 757.0
61.047776747 731.0
61.074037312 812.0
61.100297878 766.0
61.126558443 796.0
61.152819008 806.0
61.179079574 820.0
61.205340139 825.0
61.231600704 813.0
61.257861270 777.0
61.284121835 724.0
61.310382400 821.0
61.336642966 804.0
61.362903531 798.0
61.389164096 777.0
61.415424662 791.0
61.441685227 832.0
61.467945792 821.0
61.494206358 792.0
61.520466923 807.0
61.546727489 854.0
61.572988054 816.0
61.599248619 800.0
61.625509185 835.0
61.651769750 743.0
61.678030315 787.0
61.704290881 795.0
61.730551446 825.0
61.756812011 819.0
61.783072577 774.0
61.809333142 820.0
61.835593707 816.0
61.861854273 799.0
61.888114838 796.0
61.914375404 807.0
61.940635969 777.0
61.966896534 777.0
61.993157100 779.0
62.019417665 807.0
62.045678230 811.0
62.071938796 818.0
62.098199361 744.0
62.124459926 762.0
62.150720492 779.0
62.176981057 814.0
62.203241622 781.0
62.229502188 804.0
62.255762753 750.0
62.282023318 761.0
62.308283884 681.0
62.334544449 715.0
62.360805015 714.0
62.387065580 727.0
62.413326145 742.0
62.439586711 684.0
62.465847276 688.0
62.492107841 683.0
62.518368407 696.0
62.544628972 679.0
62.570889537 698.0
62.597150103 672.0
62.623410668 666.0
62.649671233 668.0
62.675931799 683.0
62.702192364 678.0
62.728452930 695.0
62.754713495 661.0
62.780974060 705.0
62.807234626 630.0
62.833495191 621.0
62.859755756 654.0
62.886016322 634.0
62.912276887 632.0
62.938537452 657.0
62.964798018 618.0
62.991058583 684.0
63.017319148 624.0
63.043579714 599.0
63.069840279 608.0
63.096100844 611.0
63.122361410 626.0
63.148621975 654.0
63.174882541 627.0
63.201143106 635.0
63.227403671 590.0
63.253664237 637.0
63.279924802 602.0
63.306185367 589.0
63.332445933 613.0
63.358706498 551.0
63.384967063 578.0
63.411227629 608.0
63.437488194 565.0
63.463748759 562.0
63.490009325 594.0
63.516269890 628.0
63.542530455 572.0
63.568791021 563.0
63.595051586 531.0
63.621312152 579.0
63.647572717 565.0
63.673833282 569.0
63.700093848 546.0
63.726354413 585.0
63.752614978 501.0
63.778875544 565.0
63.805136109 565.0
63.831396674 544.0
63.857657240 530.0
63.883917805 569.0
63.910178370 562.0
63.936438936 554.0
63.962699501 545.0
63.988960067 560.0
64.015220632 546.0
64.041481197 536.0
64.067741763 574.0
64.094002328 531.0
64.120262893 547.0
64.146523459 515.0
64.172784024 518.0
64.199044589 533.0
64.225305155 514.0
64.251565720 479.0
64.277826285 495.0
64.304086851 484.0
64.330347416 533.0
64.356607981 494.0
64.382868547 518.0
64.409129112 496.0
64.435389678 475.0
64.461650243 559.0
64.487910808 484.0
64.514171374 472.0
64.540431939 511.0
64.566692504 471.0
64.592953070 470.0
64.619213635 478.0
64.645474200 532.0
64.671734766 486.0
64.697995331 478.0
64.724255896 493.0
64.750516462 507.0
64.776777027 499.0
64.803037593 480.0
64.829298158 485.0
64.855558723 513.0
64.881819289 511.0
64.908079854 494.0
64.934340419 487.0
64.960600985 506.0
64.986861550 489.0
