5.006243 4087.5
5.093092 4068.4
5.179941 3935.4
5.26679 3859.3
5.353639 3840.3
5.440488 3802.3
5.527337 3707.2
5.614186 3669.2
5.701035 3612.2
5.787884 3574.1
5.874733 3517.1
5.961582 3498.1
6.048431 3460.1
6.13528 3422.1
6.222129 3365.0
6.308978 3346.0
6.395827 3327.0
6.482676 3289.0
6.569525 3270.0
6.656374 3251.0
6.743223 3231.9
6.830072 3212.9
6.916921 3174.9
7.00377 3155.9
7.090619 3136.9
7.177468 3136.9
7.264317 3117.9
7.351166 3098.9
7.438015 3079.8
7.524864 3079.8
7.611713 3060.8
7.698562 3041.8
7.785411 3022.8
7.87226 3003.8
7.959109 2984.8
8.045958 2984.8
8.132807 2965.8
8.219656 2965.8
8.306504 2965.8
8.393353 2946.8
8.480203 2927.8
8.567052 2927.8
8.653901 2908.7
8.740749 2908.7
8.827599 2889.7
8.914448 2889.7
9.001297 2889.7
9.088145 2870.7
9.174994 2870.7
9.261844 2870.7
9.348693 2851.7
9.435542 2832.7
9.52239 2832.7
9.60924 2832.7
9.696089 2813.7
9.782938 2813.7
9.869786 2813.7
9.956635 2794.7
10.04348 2794.7
10.13033 2794.7
10.21718 2794.7
10.30403 2775.7
10.39088 2756.7
10.47773 2756.7
10.56458 2756.7
10.65143 2737.6
10.73828 2737.6
10.82513 2737.6
10.91197 2718.6
10.99882 2737.6
11.08567 2718.6
11.17252 2718.6
11.25937 2718.6
11.34622 2718.6
11.43307 2718.6
11.51992 2718.6
11.60677 2718.6
11.69362 2699.6
11.78046 2699.6
11.86731 2699.6
11.95416 2680.6
12.04101 2680.6
12.12786 2699.6
12.21471 2680.6
12.30156 2661.6
12.38841 2661.6
12.47526 2680.6
12.56211 2680.6
12.64895 2680.6
12.7358 2680.6
12.82265 2680.6
12.9095 2661.6
12.99635 2661.6
13.0832 2661.6
13.17005 2661.6
13.2569 2661.6
13.34375 2661.6
13.4306 2661.6
13.51744 2661.6
13.60429 2680.6
13.69114 2680.6
13.77799 2699.6
13.86484 2699.6
13.95169 2699.6
14.03854 2699.6
14.12539 2699.6
14.21224 2718.6
14.29909 2737.6
14.38593 2737.6
14.47278 2756.7
14.55963 2775.7
14.64648 2794.7
14.73333 2832.7
14.82018 2851.7
14.90703 2870.7
14.99388 2908.7
15.08073 2927.8
15.16758 2965.8
15.25442 3003.8
15.34127 3041.8
15.42812 3079.8
15.51497 3098.9
15.60182 3117.9
15.68867 3136.9
15.77552 3136.9
15.86237 3155.9
15.94922 3155.9
16.03607 3155.9
16.12292 3136.9
16.20976 3136.9
16.29661 3136.9
16.38346 3117.9
16.47031 3098.9
16.55716 3079.8
16.64401 3079.8
16.73086 3060.8
16.81771 3060.8
16.90456 3060.8
16.9914 3041.8
17.07825 3022.8
17.1651 3003.8
17.25195 3003.8
17.3388 2984.8
17.42565 2984.8
17.5125 2984.8
17.59935 2984.8
17.6862 2965.8
17.77304 2965.8
17.85989 2927.8
17.94674 2927.8
18.03359 2927.8
18.12044 2927.8
18.20729 2927.8
18.29414 2908.7
18.38099 2908.7
18.46784 2908.7
18.55469 2889.7
18.64153 2889.7
18.72838 2889.7
18.81523 2889.7
18.90208 2889.7
18.98893 2889.7
19.07578 2870.7
19.16263 2889.7
19.24948 2889.7
19.33633 2870.7
19.42318 2870.7
19.51003 2870.7
19.59687 2851.7
19.68372 2851.7
19.77057 2851.7
19.85742 2832.7
19.94427 2851.7
20.03112 2832.7
20.11797 2851.7
20.20482 2851.7
20.29167 2832.7
20.37852 2832.7
20.46536 2832.7
20.55221 2832.7
20.63906 2832.7
20.72591 2832.7
20.81276 2832.7
20.89961 2832.7
20.98646 2832.7
21.07331 2832.7
21.16016 2832.7
21.24701 2832.7
21.33385 2832.7
21.4207 2832.7
21.50755 2832.7
21.5944 2832.7
21.68125 2832.7
21.7681 2813.7
21.85495 2813.7
21.9418 2813.7
22.02865 2813.7
22.1155 2813.7
22.20234 2813.7
22.28919 2813.7
22.37604 2813.7
22.46289 2813.7
22.54974 2794.7
22.63659 2813.7
22.72344 2813.7
22.81029 2813.7
22.89714 2794.7
22.98399 2794.7
23.07083 2813.7
23.15768 2794.7
23.24453 2794.7
23.33138 2775.7
23.41823 2756.7
23.50508 2775.7
23.59193 2775.7
23.67878 2756.7
23.76563 2737.6
23.85247 2737.6
23.93932 2737.6
24.02617 2737.6
24.11302 2737.6
24.19987 2718.6
24.28672 2718.6
24.37357 2699.6
24.46042 2699.6
24.54727 2699.6
24.63412 2680.6
24.72096 2661.6
24.80781 2661.6
24.89466 2642.6
24.98151 2642.6
25.06836 2642.6
25.15521 2623.6
25.24206 2623.6
25.32891 2623.6
25.41576 2604.6
25.50261 2585.6
25.58945 2585.6
25.6763 2566.5
25.76315 2566.5
25.85 2566.5
25.93685 2547.5
26.0237 2547.5
26.11055 2528.5
26.1974 2528.5
26.28425 2528.5
26.3711 2490.5
26.45794 2490.5
26.54479 2490.5
26.63164 2490.5
26.71849 2471.5
26.80534 2471.5
26.89219 2452.5
26.97904 2452.5
27.06589 2452.5
27.15274 2452.5
27.23959 2414.4
27.32644 2414.4
27.41328 2433.5
27.50013 2414.4
27.58698 2414.4
27.67383 2395.4
27.76068 2395.4
27.84753 2395.4
27.93438 2395.4
28.02123 2395.4
28.10808 2395.4
28.19493 2395.4
28.28177 2395.4
28.36862 2395.4
28.45547 2395.4
28.54232 2376.4
28.62917 2376.4
28.71602 2376.4
28.80287 2376.4
28.88972 2376.4
28.97657 2376.4
29.06342 2395.4
29.15026 2376.4
29.23711 2395.4
29.32396 2395.4
29.41081 2395.4
29.49766 2395.4
29.58451 2395.4
29.67136 2414.4
29.75821 2414.4
29.84506 2433.5
29.93191 2452.5
30.01875 2471.5
30.1056 2490.5
30.19245 2509.5
30.2793 2547.5
30.36615 2566.5
30.453 2604.6
30.53985 2623.6
30.6267 2680.6
30.71355 2718.6
30.80039 2756.7
30.88724 2794.7
30.97409 2832.7
31.06094 2870.7
31.14779 2927.8
31.23464 2984.8
31.32149 3022.8
31.40834 3060.8
31.49519 3098.9
31.58204 3117.9
31.66888 3155.9
31.75573 3193.9
31.84258 3212.9
31.92943 3231.9
32.01628 3231.9
32.10313 3231.9
32.18998 3251.0
32.27683 3251.0
32.36368 3251.0
32.45053 3231.9
32.53738 3231.9
32.62423 3231.9
32.71107 3212.9
32.79792 3193.9
32.88477 3174.9
32.97162 3174.9
33.05847 3174.9
33.14532 3155.9
33.23217 3155.9
33.31902 3136.9
33.40586 3098.9
33.49271 3098.9
33.57956 3079.8
33.66641 3060.8
33.75326 3041.8
33.84011 3022.8
33.92696 3003.8
34.01381 2984.8
34.10066 2965.8
34.1875 2946.8
34.27435 2927.8
34.3612 2927.8
34.44805 2908.7
34.5349 2889.7
34.62175 2889.7
34.7086 2870.7
34.79545 2870.7
34.8823 2832.7
34.96915 2832.7
35.056 2813.7
35.14285 2794.7
35.22969 2794.7
35.31654 2775.7
35.40339 2756.7
35.49024 2756.7
35.57709 2737.6
35.66394 2737.6
35.75079 2737.6
35.83764 2718.6
35.92448 2718.6
36.01133 2699.6
36.09818 2699.6
36.18503 2680.6
36.27188 2680.6
36.35873 2661.6
36.44558 2642.6
36.53243 2642.6
36.61928 2642.6
36.70613 2623.6
36.79298 2623.6
36.87983 2604.6
36.96667 2604.6
37.05352 2604.6
37.14037 2585.6
37.22722 2585.6
37.31407 2585.6
37.40092 2566.5
37.48777 2566.5
37.57462 2566.5
37.66146 2547.5
37.74831 2547.5
37.83516 2547.5
37.92201 2509.5
38.00886 2509.5
38.09571 2509.5
38.18256 2509.5
38.26941 2509.5
38.35626 2490.5
38.44311 2490.5
38.52996 2490.5
38.61681 2471.5
38.70366 2471.5
38.7905 2452.5
38.87735 2452.5
38.9642 2452.5
39.05105 2452.5
39.1379 2452.5
39.22475 2433.5
39.3116 2433.5
39.39845 2414.4
39.48529 2414.4
39.57214 2395.4
39.65899 2395.4
39.74584 2395.4
39.83269 2395.4
39.91954 2395.4
40.00639 2376.4
40.09324 2376.4
40.18009 2376.4
40.26694 2376.4
40.35378 2357.4
40.44063 2357.4
40.52748 2357.4
40.61433 2338.4
40.70118 2338.4
40.78803 2319.4
40.87488 2319.4
40.96173 2319.4
41.04858 2300.4
41.13543 2300.4
41.22227 2300.4
41.30912 2300.4
41.39597 2300.4
41.48282 2281.4
41.56967 2300.4
41.65652 2281.4
41.74337 2262.4
41.83022 2262.4
41.91706 2262.4
42.00391 2243.3
42.09076 2243.3
42.17761 2243.3
42.26446 2243.3
42.35131 2243.3
42.43816 2243.3
42.52501 2243.3
42.61186 2243.3
42.69871 2243.3
42.78556 2224.3
42.87241 2224.3
42.95926 2224.3
43.0461 2224.3
43.13295 2224.3
43.2198 2205.3
43.30665 2205.3
43.3935 2205.3
43.48035 2205.3
43.5672 2205.3
43.65405 2205.3
43.74089 2205.3
43.82774 2205.3
43.91459 2205.3
44.00144 2186.3
44.08829 2167.3
44.17514 2167.3
44.26199 2167.3
44.34884 2167.3
44.43569 2167.3
44.52254 2167.3
44.60939 2167.3
44.69624 2148.3
44.78308 2148.3
44.86993 2148.3
44.95678 2148.3
45.04363 2148.3
45.13048 2148.3
45.21733 2148.3
45.30418 2148.3
45.39103 2148.3
45.47787 2148.3
45.56472 2148.3
45.65157 2129.3
45.73842 2148.3
45.82527 2148.3
45.91212 2148.3
45.99897 2129.3
46.08582 2129.3
46.17267 2129.3
46.25952 2129.3
46.34637 2129.3
46.43322 2129.3
46.52006 2129.3
46.60691 2129.3
46.69376 2129.3
46.78061 2129.3
46.86746 2129.3
46.95431 2110.3
47.04116 2110.3
47.12801 2110.3
47.21486 2110.3
47.3017 2110.3
47.38855 2129.3
47.4754 2129.3
47.56225 2129.3
47.6491 2110.3
47.73595 2129.3
47.8228 2129.3
47.90965 2110.3
47.99649 2110.3
48.08334 2110.3
48.17019 2110.3
48.25704 2129.3
48.34389 2129.3
48.43074 2129.3
48.51759 2129.3
48.60444 2129.3
48.69129 2129.3
48.77814 2129.3
48.86499 2129.3
48.95184 2129.3
49.03868 2129.3
49.12553 2129.3
49.21238 2129.3
49.29923 2129.3
49.38608 2129.3
49.47293 2148.3
49.55978 2148.3
49.64663 2129.3
49.73347 2129.3
49.82032 2148.3
49.90717 2148.3
49.99402 2148.3
50.08087 2148.3
50.16772 2148.3
50.25457 2148.3
50.34142 2167.3
50.42827 2148.3
50.51512 2148.3
50.60197 2167.3
50.68882 2167.3
50.77567 2186.3
50.86251 2186.3
50.94936 2205.3
51.03621 2205.3
51.12306 2205.3
51.20991 2205.3
51.29676 2205.3
51.38361 2205.3
51.47046 2205.3
51.5573 2205.3
51.64415 2224.3
51.731 2205.3
51.81785 2224.3
51.9047 2224.3
51.99155 2224.3
52.0784 2224.3
52.16525 2224.3
52.2521 2224.3
52.33895 2224.3
52.4258 2224.3
52.51265 2224.3
52.59949 2224.3
52.68634 2205.3
52.77319 2205.3
52.86004 2205.3
52.94689 2224.3
53.03374 2224.3
53.12059 2205.3
53.20744 2205.3
53.29428 2205.3
53.38113 2205.3
53.46798 2205.3
53.55483 2205.3
53.64168 2205.3
53.72853 2205.3
53.81538 2205.3
53.90223 2205.3
53.98908 2205.3
54.07593 2205.3
54.16277 2205.3
54.24962 2205.3
54.33647 2205.3
54.42332 2205.3
54.51017 2205.3
54.59702 2205.3
54.68387 2205.3
54.77072 2205.3
54.85757 2205.3
54.94442 2205.3
55.03127 2205.3
55.11811 2205.3
55.20496 2205.3
55.29181 2205.3
55.37866 2205.3
55.46551 2205.3
55.55236 2205.3
55.63921 2205.3
55.72606 2205.3
55.8129 2205.3
55.89975 2205.3
55.9866 2205.3
56.07345 2205.3
56.1603 2205.3
56.24715 2205.3
56.334 2205.3
56.42085 2205.3
56.5077 2205.3
56.59455 2224.3
56.6814 2224.3
56.76825 2243.3
56.85509 2243.3
56.94194 2243.3
57.02879 2281.4
57.11564 2243.3
57.20249 2281.4
57.28934 2300.4
57.37619 2300.4
57.46304 2319.4
57.54988 2338.4
57.63673 2357.4
57.72358 2376.4
57.81043 2414.4
57.89728 2452.5
57.98413 2490.5
58.07098 2509.5
58.15783 2547.5
58.24468 2585.6
58.33153 2604.6
58.41838 2642.6
58.50523 2661.6
58.59208 2699.6
58.67892 2718.6
58.76577 2737.6
58.85262 2737.6
58.93947 2737.6
59.02632 2737.6
59.11317 2756.7
59.20002 2756.7
59.28687 2756.7
59.37371 2737.6
59.46056 2737.6
59.54741 2718.6
59.63426 2699.6
59.72111 2680.6
59.80796 2661.6
59.89481 2642.6
59.98166 2604.6
60.06851 2585.6
60.15536 2547.5
60.24221 2528.5
60.32905 2490.5
60.4159 2452.5
60.50275 2433.5
60.5896 2395.4
60.67645 2376.4
60.7633 2338.4
60.85015 2319.4
60.937 2300.4
61.02385 2281.4
61.11069 2243.3
61.19754 2243.3
61.28439 2224.3
61.37124 2224.3
61.45809 2224.3
61.54494 2205.3
61.63179 2205.3
61.71864 2167.3
61.80548 2167.3
61.89233 2148.3
61.97918 2148.3
62.06603 2148.3
62.15288 2148.3
62.23973 2148.3
62.32658 2148.3
62.41343 2129.3
62.50028 2129.3
62.58713 2129.3
62.67398 2129.3
62.76083 2129.3
62.84768 2129.3
62.93452 2110.3
63.02137 2110.3
63.10822 2110.3
63.19507 2110.3
63.28192 2110.3
63.36877 2110.3
63.45562 2110.3
63.54247 2129.3
63.62931 2129.3
63.71616 2110.3
63.80301 2129.3
63.88986 2110.3
63.97671 2110.3
64.06356 2110.3
64.15041 2110.3
64.23726 2110.3
64.3241 2110.3
64.41096 2110.3
64.4978 2110.3
64.58466 2110.3
64.6715 2110.3
64.75835 2110.3
64.8452 2110.3
64.93205 2110.3
65.0189 2110.3
65.10575 2110.3
65.1926 2110.3
65.27945 2110.3
65.36629 2110.3
65.45315 2110.3
65.53999 2110.3
65.62684 2110.3
65.71369 2110.3
65.80054 2110.3
65.88739 2110.3
65.97424 2110.3
66.06109 2110.3
66.14793 2110.3
66.23479 2110.3
66.32163 2110.3
66.40849 2110.3
66.49533 2110.3
66.58218 2110.3
66.66903 2110.3
66.75588 2110.3
66.84273 2110.3
66.92958 2110.3
67.01643 2110.3
67.10328 2110.3
67.19012 2110.3
67.27697 2110.3
67.36382 2110.3
67.45067 2110.3
67.53752 2110.3
67.62437 2110.3
67.71122 2110.3
67.79807 2110.3
67.88492 2110.3
67.97176 2110.3
68.05862 2110.3
68.14546 2110.3
68.23232 2110.3
68.31916 2129.3
68.40601 2110.3
68.49286 2129.3
68.57971 2129.3
68.66656 2129.3
68.7534 2129.3
68.84026 2129.3
68.9271 2129.3
69.01395 2129.3
69.1008 2148.3
69.18765 2148.3
69.2745 2148.3
69.36135 2148.3
69.4482 2148.3
69.53505 2148.3
69.62189 2148.3
69.70875 2148.3
69.79559 2148.3
69.88245 2148.3
69.96929 2148.3
