6.000000  3255.8
6.182266  3255.8
6.364532  3197.7
6.546798  2907.0
6.729064  2848.8
6.911330  2848.8
7.093596  2790.7
7.275862  2732.6
7.458128  2674.4
7.640394  2616.3
7.822660  2616.3
8.004926  2616.3
8.187192  2674.4
8.369458  2790.7
8.551724  2907.0
8.733990  2965.1
8.916256  3081.4
9.098522  3139.5
9.280788  3488.4
9.463054  3488.4
9.645320  3837.2
9.827586  4593.0
10.009852  4883.7
10.192118  5523.3
10.374384  6569.8
10.556650  8255.8
10.738916  9069.8
10.921182  10000.0
11.103448  9941.9
11.285714  9709.3
11.467980  9360.5
11.650246  9011.6
11.832512  7500.0
12.014778  5697.7
12.197044  4941.9
12.379310  4069.8
12.561576  3430.2
12.743842  3139.5
12.926108  3081.4
13.108374  2500.0
13.290640  2383.7
13.472906  2267.4
13.655172  2093.0
13.837438  2034.9
14.019704  1918.6
14.201970  1860.5
14.384236  1860.5
14.566502  1860.5
14.748768  1860.5
14.931034  1744.2
15.113300  1686.0
15.295567  1686.0
15.477833  1686.0
15.660099  1686.0
15.842365  1686.0
16.024631  1686.0
16.206897  1569.8
16.389163  1569.8
16.571429  1569.8
16.753695  1569.8
16.935961  1627.9
17.118227  1627.9
17.300493  1627.9
17.482759  1686.0
17.665025  1686.0
17.847291  1569.8
18.029557  1627.9
18.211823  1686.0
18.394089  1686.0
18.576355  1686.0
18.758621  1686.0
18.940887  1686.0
19.123153  1744.2
19.305419  1744.2
19.487685  1802.3
19.669951  1860.5
19.852217  1860.5
20.034483  1918.6
20.216749  2093.0
20.399015  2209.3
20.581281  2209.3
20.763547  2325.6
20.945813  2383.7
21.128079  2674.4
21.310345  2907.0
21.492611  3197.7
21.674877  3255.8
21.857143  3255.8
22.039409  3720.9
22.221675  4127.9
22.403941  4186.0
22.586207  4186.0
22.768473  4186.0
22.950739  3953.5
23.133005  3546.5
23.315271  3430.2
23.497537  2732.6
23.679803  2383.7
23.862069  2209.3
24.044335  1918.6
24.226601  1744.2
24.408867  1686.0
24.591133  1627.9
24.773399  1569.8
24.955665  1627.9
25.137931  1627.9
25.320197  1569.8
25.502463  1453.5
25.684729  1453.5
25.866995  1395.3
26.049261  1453.5
26.231527  1453.5
26.413793  1395.3
26.596059  1395.3
26.778325  1337.2
26.960591  1395.3
27.142857  1395.3
27.325123  1395.3
27.507389  1453.5
27.689655  1395.3
27.871921  1337.2
28.054187  1279.1
28.236453  1337.2
28.418719  1337.2
28.600985  1279.1
28.783251  1279.1
28.965517  1279.1
29.147783  1453.5
29.330049  1569.8
29.512315  1511.6
29.694581  1337.2
29.876847  1279.1
30.059113  1279.1
30.241379  1279.1
30.423645  1279.1
30.605911  1279.1
30.788177  1279.1
30.970443  1279.1
31.152709  1279.1
31.334975  1279.1
31.517241  1279.1
31.699507  1220.9
31.881773  1220.9
32.064039  1279.1
32.246305  1279.1
32.428571  1337.2
32.610837  1337.2
32.793103  1337.2
32.975369  1337.2
33.157635  1453.5
33.339901  1569.8
33.522167  1860.5
33.704433  2093.0
33.886700  2383.7
34.068966  3023.3
34.251232  3197.7
34.433498  3372.1
34.615764  3372.1
34.798030  3314.0
34.980296  3139.5
35.162562  3023.3
35.344828  2848.8
35.527094  2790.7
35.709360  2500.0
35.891626  2383.7
36.073892  2209.3
36.256158  2267.4
36.438424  2267.4
36.620690  2151.2
36.802956  2093.0
36.985222  1976.7
37.167488  2034.9
37.349754  2093.0
37.532020  2093.0
37.714286  2151.2
37.896552  2209.3
38.078818  2325.6
38.261084  2267.4
38.443350  2267.4
38.625616  2209.3
38.807882  2209.3
38.990148  2151.2
39.172414  2151.2
39.354680  2034.9
39.536946  1976.7
39.719212  1976.7
39.901478  1918.6
40.083744  1802.3
40.266010  1744.2
40.448276  1744.2
40.630542  1686.0
40.812808  1686.0
40.995074  1686.0
41.177340  1686.0
41.359606  1627.9
41.541872  1569.8
41.724138  1569.8
41.906404  1569.8
42.088670  1511.6
42.270936  1511.6
42.453202  1569.8
42.635468  1569.8
42.817734  1569.8
43.000000  1569.8
43.182266  1511.6
43.364532  1511.6
43.546798  1511.6
43.729064  1511.6
43.911330  1569.8
44.093596  1569.8
44.275862  1627.9
44.458128  1686.0
44.640394  1686.0
44.822660  1686.0
45.004926  1744.2
45.187192  1802.3
45.369458  1744.2
45.551724  1744.2
45.733990  1744.2
45.916256  1744.2
46.098522  1802.3
46.280788  1686.0
46.463054  1686.0
46.645320  1569.8
46.827586  1569.8
47.009852  1511.6
47.192118  1511.6
47.374384  1511.6
47.556650  1511.6
47.738916  1453.5
47.921182  1453.5
48.103448  1279.1
48.285714  1279.1
48.467980  1279.1
48.650246  1337.2
48.832512  1337.2
49.014778  1395.3
49.197044  1220.9
49.379310  1162.8
49.561576  1162.8
49.743842  1104.7
49.926108  1104.7
50.108374  1104.7
50.290640  1104.7
50.472906  1046.5
50.655172  1046.5
50.837438  1162.8
51.019704  1162.8
51.201970  1046.5
51.384236  1046.5
51.566502  1104.7
51.748768  1104.7
51.931034  1046.5
52.113300  1046.5
52.295567  988.4
52.477833  988.4
52.660099  1046.5
52.842365  988.4
53.024631  930.2
53.206897  930.2
53.389163  930.2
53.571429  930.2
53.753695  930.2
53.935961  930.2
54.118227  930.2
54.300493  872.1
54.482759  872.1
54.665025  930.2
54.847291  930.2
55.029557  930.2
55.211823  872.1
55.394089  872.1
55.576355  872.1
55.758621  872.1
55.940887  872.1
56.123153  872.1
56.305419  872.1
56.487685  872.1
56.669951  872.1
56.852217  872.1
57.034483  872.1
57.216749  872.1
57.399015  814.0
57.581281  930.2
57.763547  930.2
57.945813  872.1
58.128079  814.0
58.310345  872.1
58.492611  872.1
58.674877  872.1
58.857143  930.2
59.039409  930.2
59.221675  930.2
59.403941  988.4
59.586207  1162.8
59.768473  1279.1
59.950739  1453.5
60.133005  1860.5
60.315271  1976.7
60.497537  2093.0
60.679803  2093.0
60.862069  2151.2
61.044335  2151.2
61.226601  2093.0
61.408867  1918.6
61.591133  1860.5
61.773399  1802.3
61.955665  1744.2
62.137931  1511.6
62.320197  1337.2
62.502463  1220.9
62.684729  1104.7
62.866995  1104.7
63.049261  1046.5
63.231527  988.4
63.413793  930.2
63.596059  872.1
63.778325  930.2
63.960591  930.2
64.142857  872.1
64.325123  872.1
64.507389  872.1
64.689655  814.0
64.871921  872.1
65.054187  872.1
65.236453  814.0
65.418719  814.0
65.600985  814.0
65.783251  814.0
65.965517  814.0
66.147783  755.8
66.330049  697.7
66.512315  697.7
66.694581  697.7
66.876847  697.7
67.059113  639.5
67.241379  639.5
67.423645  639.5
67.605911  639.5
67.788177  639.5
67.970443  639.5
68.152709  581.4
68.334975  639.5
68.517241  639.5
68.699507  697.7
68.881773  697.7
69.064039  639.5
69.246305  581.4
69.428571  581.4
69.610837  639.5
69.793103  697.7
69.975369  639.5
70.157635  639.5
70.339901  697.7
70.522167  639.5
70.704433  639.5
70.886700  639.5
71.068966  697.7
71.251232  697.7
71.433498  697.7
71.615764  755.8
71.798030  755.8
71.980296  755.8
72.162562  697.7
72.344828  697.7
72.527094  755.8
72.709360  755.8
72.891626  697.7
73.073892  755.8
73.256158  697.7
73.438424  697.7
73.620690  697.7
73.802956  755.8
73.985222  697.7
74.167488  639.5
74.349754  697.7
74.532020  755.8
74.714286  755.8
74.896552  755.8
75.078818  697.7
75.261084  639.5
75.443350  697.7
75.625616  755.8
75.807882  697.7
75.990148  639.5
76.172414  639.5
76.354680  581.4
76.536946  639.5
76.719212  639.5
76.901478  639.5
77.083744  639.5
77.266010  581.4
77.448276  581.4
77.630542  639.5
77.812808  581.4
77.995074  581.4
78.177340  581.4
78.359606  581.4
78.541872  581.4
78.724138  581.4
78.906404  581.4
79.088670  581.4
79.270936  639.5
79.453202  639.5
79.635468  581.4
79.817734  639.5
80.000000  523.3
